{"model":{"version":3,"nodes":[{"name":"RootNode","position":[0,0,0],"rotation":[0,0,0],"scale":[0.0254,0.0254,0.0254],"scaleCompensation":false},{"name":"Object07","position":[-0.000843406,0,0],"rotation":[-90,-0,0],"scale":[1,1,1],"scaleCompensation":false},{"name":"Bip001","position":[-0.321228,10.9216,-2.03786],"rotation":[2.38843,-70.311,-90.8575],"scale":[1,1,1],"scaleCompensation":false},{"name":"Bip001 Footsteps","position":[4.0817,-0.294182,-11.4043],"rotation":[-19.679,1.58101,90.289],"scale":[1,1,1],"scaleCompensation":false},{"name":"Bip001 Pelvis","position":[0,0,0],"rotation":[177.44,-84.6404,94.042],"scale":[1,1,1],"scaleCompensation":false},{"name":"Bip001 Spine","position":[6.44554,0.264324,-0.608551],"rotation":[-11.6883,14.5367,24.0613],"scale":[1,1,1],"scaleCompensation":false},{"name":"Bip001 L Thigh","position":[-7.32583,1.45084,4.76747],"rotation":[175.451,-5.46931,164.377],"scale":[1,1,1],"scaleCompensation":false},{"name":"Bip001 L Calf","position":[6.13269,0,4.76837e-07],"rotation":[-2.56132e-06,2.66804e-08,-62.788],"scale":[1,1,1],"scaleCompensation":false},{"name":"Bip001 L Foot","position":[7.32279,-4.76837e-07,-9.53674e-07],"rotation":[-28.9932,-18.2354,23.4886],"scale":[1,1,1],"scaleCompensation":false},{"name":"Bip001 L Toe0","position":[4.10844,3.64518,0],"rotation":[-7.64654,3.54262,116.943],"scale":[1,1,1],"scaleCompensation":false},{"name":"Bip001 L Toe0Nub","position":[0.369445,0,-9.53674e-07],"rotation":[-0,8.53774e-07,-180],"scale":[-1,-1,-1],"scaleCompensation":false},{"name":"Bip001 R Thigh","position":[-4.58245,3.59417,-5.59301],"rotation":[166.966,5.18746,57.3129],"scale":[1,1,1],"scaleCompensation":false},{"name":"Bip001 R Calf","position":[6.13269,0,0],"rotation":[1.65419e-06,-8.53774e-07,-80.4125],"scale":[1,1,1],"scaleCompensation":false},{"name":"Bip001 R Foot","position":[7.32279,0,-9.53674e-07],"rotation":[2.31317,12.9293,1.32082],"scale":[1,1,1],"scaleCompensation":false},{"name":"Bip001 R Toe0","position":[4.10844,3.64518,-9.53674e-07],"rotation":[0.0498966,-0.00268866,90.355],"scale":[1,1,1],"scaleCompensation":false},{"name":"Bip001 R Toe0Nub","position":[0.369445,1.19209e-07,-9.53674e-07],"rotation":[0,1.43574e-06,1.06722e-07],"scale":[1,1,1],"scaleCompensation":false},{"name":"Bip001 Neck","position":[8.72277,1.07522,-8.94666e-05],"rotation":[4.50147,0.514322,1.44312],"scale":[1,1,1],"scaleCompensation":false},{"name":"Bip001 L Clavicle","position":[-0.342001,-4.17949,8.42407],"rotation":[111.716,-69.5952,65.3179],"scale":[1,1,1],"scaleCompensation":false},{"name":"Bip001 L UpperArm","position":[7.7859,0,1.90735e-06],"rotation":[-58.5206,59.9106,-35.0607],"scale":[1,1,1],"scaleCompensation":false},{"name":"Bip001 L Forearm","position":[10.9423,0,0],"rotation":[-1.70755e-06,2.56132e-06,-77.1482],"scale":[1,1,1],"scaleCompensation":false},{"name":"Bip001 L Hand","position":[10.6861,1.90735e-06,0],"rotation":[-74.4707,2.34814,-2.27237],"scale":[1,1,1],"scaleCompensation":false},{"name":"Bip001 L Finger0","position":[2.53324,2.32556,-3.73742],"rotation":[95.5818,-9.42777,26.6763],"scale":[1,1,1],"scaleCompensation":false},{"name":"Bip001 L Finger01","position":[2.18537,4.76837e-07,1.90735e-06],"rotation":[1.70755e-06,-1.70755e-06,19.0356],"scale":[1,1,1],"scaleCompensation":false},{"name":"Bip001 L Finger0Nub","position":[2.40806,1.19209e-07,-1.90735e-06],"rotation":[1.70755e-06,-0,-1.70755e-06],"scale":[1,1,1],"scaleCompensation":false},{"name":"Bip001 L Finger1","position":[6.42061,-0.30364,-2.55723],"rotation":[3.94081,2.97703,53.5153],"scale":[1,1,1],"scaleCompensation":false},{"name":"Bip001 L Finger11","position":[2.54926,0,4.76837e-07],"rotation":[-1.70755e-06,-6.4033e-07,99.4237],"scale":[1,1,1],"scaleCompensation":false},{"name":"Bip001 L Finger1Nub","position":[3.14495,0,-4.76837e-07],"rotation":[0,4.26887e-07,-2.13443e-07],"scale":[1,1,1],"scaleCompensation":false},{"name":"Bip001 L Finger2","position":[6.36313,0,4.76837e-07],"rotation":[2.08807,1.60597,53.4431],"scale":[1,1,1],"scaleCompensation":false},{"name":"Bip001 L Finger21","position":[2.19841,0,9.53674e-07],"rotation":[1.70755e-06,1.28066e-06,100.863],"scale":[1,1,1],"scaleCompensation":false},{"name":"Bip001 L Finger2Nub","position":[3.46804,0,-4.76837e-07],"rotation":[-1.70755e-06,-1.28066e-06,-4.26887e-07],"scale":[1,1,1],"scaleCompensation":false},{"name":"Bip001 L Finger3","position":[6.25807,0.00222206,2.7882],"rotation":[-4.38446,-1.82121,66.9366],"scale":[1,1,1],"scaleCompensation":false},{"name":"Bip001 L Finger31","position":[1.79447,-3.8147e-06,-2.38419e-07],"rotation":[1.70755e-06,1.54746e-06,73.4684],"scale":[1,1,1],"scaleCompensation":false},{"name":"Bip001 L Finger3Nub","position":[2.71367,0,-4.76837e-07],"rotation":[0,-1.01386e-06,-6.4033e-07],"scale":[1,1,1],"scaleCompensation":false},{"name":"Bip001 R Clavicle","position":[-0.197071,-5.44656,-7.67093],"rotation":[152.442,80.5871,-28.732],"scale":[1,1,1],"scaleCompensation":false},{"name":"Bip001 R UpperArm","position":[7.7859,0,0],"rotation":[-31.2746,-72.6828,42.0884],"scale":[1,1,1],"scaleCompensation":false},{"name":"Bip001 R Forearm","position":[10.9423,-1.90735e-06,1.90735e-06],"rotation":[-4.26887e-07,-5.12264e-06,-40.8266],"scale":[1,1,1],"scaleCompensation":false},{"name":"Bip001 R Hand","position":[10.6861,-9.53674e-07,0],"rotation":[79.9673,-10.026,-7.44154],"scale":[1,1,1],"scaleCompensation":false},{"name":"Bip001 R Finger0","position":[2.53324,2.32556,3.73742],"rotation":[-95.5091,-1.88424,27.7752],"scale":[1,1,1],"scaleCompensation":false},{"name":"Bip001 R Finger01","position":[2.18537,0,1.90735e-06],"rotation":[-1.70755e-06,-0,64.3985],"scale":[1,1,1],"scaleCompensation":false},{"name":"Bip001 R Finger0Nub","position":[2.40806,9.53674e-07,0],"rotation":[-0,-8.53774e-07,180],"scale":[-1,-1,-1],"scaleCompensation":false},{"name":"Bip001 R Finger1","position":[6.42061,-0.30364,2.55723],"rotation":[-3.2775,-3.69481,42.1538],"scale":[1,1,1],"scaleCompensation":false},{"name":"Bip001 R Finger11","position":[2.54926,1.90735e-06,-9.53674e-07],"rotation":[-4.26887e-07,-2.13443e-07,88.0588],"scale":[1,1,1],"scaleCompensation":false},{"name":"Bip001 R Finger1Nub","position":[3.14495,0,9.53674e-07],"rotation":[4.26887e-07,0,180],"scale":[-1,-1,-1],"scaleCompensation":false},{"name":"Bip001 R Finger2","position":[6.36313,1.90735e-06,0],"rotation":[-1.73074,-1.98589,42.0789],"scale":[1,1,1],"scaleCompensation":false},{"name":"Bip001 R Finger21","position":[2.19841,-1.90735e-06,0],"rotation":[-4.26887e-07,-4.26887e-07,89.4982],"scale":[1,1,1],"scaleCompensation":false},{"name":"Bip001 R Finger2Nub","position":[3.46805,0,9.53674e-07],"rotation":[-0,0,-180],"scale":[-1,-1,-1],"scaleCompensation":false},{"name":"Bip001 R Finger3","position":[6.25807,0.00222015,-2.7882],"rotation":[3.94062,2.64885,55.5932],"scale":[1,1,1],"scaleCompensation":false},{"name":"Bip001 R Finger31","position":[1.79446,-9.53674e-07,0],"rotation":[0,-4.26887e-07,62.1035],"scale":[1,1,1],"scaleCompensation":false},{"name":"Bip001 R Finger3Nub","position":[2.71367,0,0],"rotation":[8.53774e-07,-2.13443e-07,-180],"scale":[-1,-1,-1],"scaleCompensation":false},{"name":"Bip001 Head","position":[1.41466,0,0],"rotation":[10.3297,-9.0005,-18.7258],"scale":[1,1,1],"scaleCompensation":false},{"name":"Bip001 HeadNub","position":[7.94063,0,0],"rotation":[1.33402e-08,-0,0],"scale":[1,1,1],"scaleCompensation":false},{"name":"Bone001","position":[-21.1164,7.75877,-13.2398],"rotation":[-84.4579,-101.67,74.4806],"scale":[1,1,1],"scaleCompensation":false},{"name":"Bone003","position":[-5.7731,11.2225,-1.81106],"rotation":[-41.817,-114.276,29.1343],"scale":[1,1,1],"scaleCompensation":false},{"name":"Bone003(mirrored)","position":[5.13064,10.6207,-2.26467],"rotation":[106.256,25.8953,-76.3261],"scale":[1,1,1],"scaleCompensation":false},{"name":"Bone006","position":[-0.329287,9.81787,0.953439],"rotation":[2.67614,-19.2642,85.5348],"scale":[1,1,1],"scaleCompensation":false},{"name":"Bone007","position":[-0.278319,16.5037,0.461004],"rotation":[68.0108,-42.414,104.438],"scale":[0.623062,1,1],"scaleCompensation":false},{"name":"Bone008","position":[-16.6691,26.6406,-0.0685792],"rotation":[-78.5491,58.1841,-103.673],"scale":[1,1,1],"scaleCompensation":false},{"name":"Bone009","position":[-18.0327,21.0354,-9.36674],"rotation":[-83.6901,17.7698,-111.507],"scale":[1,1,1],"scaleCompensation":false},{"name":"Bone010","position":[-21.7635,11.5677,-12.6281],"rotation":[-2.20827,9.15262,-102.238],"scale":[1,1,1],"scaleCompensation":false},{"name":"Bone021","position":[-2.60723,23.4077,7.95945],"rotation":[85.8083,-20.8803,95.9151],"scale":[1,1,1],"scaleCompensation":false},{"name":"Bone009(mirrored)","position":[18.3651,15.5339,8.52981],"rotation":[-43.1827,-60.8616,-106.261],"scale":[1,1,1],"scaleCompensation":false},{"name":"Bone010(mirrored)","position":[16.9082,10.5387,17.8635],"rotation":[68.1908,-119.462,67.093],"scale":[1,1,1],"scaleCompensation":false},{"name":"Bone008(mirrored)","position":[13.0147,24.9713,9.95872],"rotation":[-69.0154,7.5034,-60.4493],"scale":[1,1,1],"scaleCompensation":false},{"name":"Bone024","position":[-16.4434,31.0183,3.05869],"rotation":[-25.805,49.478,-159.702],"scale":[1,1,1],"scaleCompensation":false},{"name":"Bone025","position":[11.6316,-3.8147e-06,1.90735e-06],"rotation":[-1.70755e-06,2.56132e-06,8.53774e-07],"scale":[1,1,1],"scaleCompensation":false},{"name":"Bone026","position":[11.5737,31.5962,9.75999],"rotation":[20.801,-5.94204,-30.2434],"scale":[1,1,1],"scaleCompensation":false},{"name":"Bone027","position":[13.6906,0,4.76837e-07],"rotation":[2.56132e-06,-0,1.70755e-06],"scale":[1,1,1],"scaleCompensation":false},{"name":"001","position":[-0.000843406,0,0],"rotation":[-90,-0,0],"scale":[1,1,1],"scaleCompensation":false},{"name":"Bone004(mirrored)","position":[6.43482,5.26016,-4.94299],"rotation":[178.488,75.4492,4.87765],"scale":[0.642587,1,1],"scaleCompensation":false},{"name":"Bone004","position":[-7.97543,9.99494,3.77937],"rotation":[108.045,8.09724,-102.746],"scale":[0.645019,1,1],"scaleCompensation":false},{"name":"Bone017","position":[-23.3938,5.01722,-11.115],"rotation":[1.24224,4.56456,-59.8726],"scale":[1,1,1],"scaleCompensation":false},{"name":"Bone018","position":[-22.1184,2.81933,-11.3179],"rotation":[4.60481,-1.08295,28.0933],"scale":[1,1,1],"scaleCompensation":false},{"name":"Bone015","position":[-21.9962,3.53941,-13.8805],"rotation":[5.89475,-3.0725,28.9985],"scale":[1,1,1],"scaleCompensation":false},{"name":"Bone014","position":[-23.095,5.42829,-13.6402],"rotation":[2.79095,6.26944,-59.8119],"scale":[1,1,1],"scaleCompensation":false},{"name":"Bone011","position":[-23.0819,5.98507,-16.3743],"rotation":[10.3308,9.59766,-45.784],"scale":[1,1,1],"scaleCompensation":false},{"name":"Bone012","position":[-21.848,4.71695,-16.6734],"rotation":[13.0579,-5.29554,14.5428],"scale":[1,1,1],"scaleCompensation":false},{"name":"Bone019","position":[-20.0047,8.0338,-9.43237],"rotation":[-93.1711,7.23507,-74.1761],"scale":[1,1,1],"scaleCompensation":false},{"name":"Bone020","position":[-19.4135,5.94798,-9.70761],"rotation":[-99.9002,71.3861,-83.1681],"scale":[1,1,1],"scaleCompensation":false},{"name":"Bone019(mirrored)","position":[12.1699,10.4599,19.6902],"rotation":[-13.3559,-32.3657,-113.752],"scale":[1,1,1],"scaleCompensation":false},{"name":"Bone020(mirrored)","position":[11.4264,8.77037,20.86],"rotation":[-23.6003,-26.2578,-93.0294],"scale":[1,1,1],"scaleCompensation":false},{"name":"Bone017(mirrored)","position":[14.0134,9.49807,24.0598],"rotation":[-96.2508,-9.19837,-133.458],"scale":[1,1,1],"scaleCompensation":false},{"name":"Bone018(mirrored)","position":[12.2826,7.67139,24.4673],"rotation":[-1.5831,96.1726,-46.0531],"scale":[1,1,1],"scaleCompensation":false},{"name":"Bone015(mirrored)","position":[14.235,6.0443,23.7486],"rotation":[-12.0543,98.0127,-56],"scale":[1,1,1],"scaleCompensation":false},{"name":"Bone014(mirrored)","position":[15.69,7.65583,23.4038],"rotation":[-98.3198,-9.024,-132.074],"scale":[1,1,1],"scaleCompensation":false},{"name":"Bone011(mirrored)","position":[17.7421,5.86373,22.8018],"rotation":[-104.8,4.86589,-131.164],"scale":[1,1,1],"scaleCompensation":false},{"name":"Bone012(mirrored)","position":[16.5652,4.51767,22.6496],"rotation":[37.1435,108.62,-1.24333],"scale":[1,1,1],"scaleCompensation":false},{"name":"Bone031","position":[1.74663,28.9346,-5.96422],"rotation":[-58.781,-122.232,62.0596],"scale":[1,1,1],"scaleCompensation":false},{"name":"Bone032","position":[8.00439,-1.52588e-05,-1.19209e-07],"rotation":[-5.33608e-07,5.86969e-07,0],"scale":[1,1,1],"scaleCompensation":false},{"name":"003","position":[3.55395,3.8147e-06,-9.53674e-06],"rotation":[-90.0001,89.9999,0],"scale":[1,1,1],"scaleCompensation":false},{"name":"002","position":[4.39057,3.8147e-06,-9.53674e-06],"rotation":[-90.0001,89.9999,0],"scale":[1,1,1],"scaleCompensation":false},{"name":"Bone028","position":[8.27281,5.41715,-12.0296],"rotation":[76.3725,-18.9243,-59.1488],"scale":[1,1,1],"scaleCompensation":false},{"name":"Bone030","position":[-9.62686,2.91373,2.91185],"rotation":[-4.09657,-111.048,2.5825],"scale":[1,1,1],"scaleCompensation":false}],"parents":[-1,0,0,2,2,4,5,6,7,8,9,5,11,12,13,14,5,16,17,18,19,20,21,22,20,24,25,20,27,28,20,30,31,16,33,34,35,36,37,38,36,40,41,36,43,44,36,46,47,16,49,0,0,0,0,0,0,0,0,0,0,0,0,0,63,0,65,0,0,0,0,0,0,0,0,0,0,0,0,0,0,0,0,0,0,0,0,86,86,86,0,0],"skins":[{"inverseBindMatrices":[[-0.39511,0.347898,0.850209,0,-0.636262,-0.771216,0.0198902,0,0.662615,-0.533097,0.52607,0,12.3691,2.08413,-18.9547,1],[0.377142,-0.814595,0.440681,0,-0.876212,-0.467967,-0.115156,0,0.300029,-0.3427,-0.890247,0,2.65411,24.4443,-8.96878,1],[-0.35164,-0.8091,0.470858,0,-0.936018,0.295932,-0.19051,0,0.0147995,-0.507722,-0.861394,0,13.8136,21.3302,-6.69229,1],[0.337873,-0.814944,0.470859,0,-0.863017,-0.467876,-0.190509,0,0.375558,-0.341991,-0.861393,0,-3.20246,24.753,-6.69231,1],[0.356567,-0.814942,0.456869,0,-0.869986,-0.467882,-0.155599,0,0.340565,-0.341989,-0.875819,0,-3.29481,24.4514,-9.11005,1],[-0.356082,-0.81035,0.465337,0,-0.934048,0.323356,-0.151643,0,-0.0275858,-0.488645,-0.872047,0,14.2351,20.5132,-9.3597,1],[0.211398,-0.888485,0.407314,0,-0.967382,-0.249711,-0.0426244,0,0.139582,-0.385017,-0.912293,0,1.24964,24.8421,-11.399,1],[-0.106077,-0.907107,0.407313,0,-0.994358,0.0971415,-0.0426229,0,-0.00090351,-0.409536,-0.912293,0,8.00649,23.5228,-11.399,1],[0.249613,0.3557,0.90065,0,-0.867435,-0.331268,0.371238,0,0.430406,-0.873921,0.225858,0,16.1968,-4.26768,-25.2274,1],[-0.233148,0.472003,0.850209,0,-0.881718,-0.471356,0.0198899,0,0.41014,-0.745007,0.526069,0,10.2113,-1.94466,-18.9547,1],[0.395112,-0.347899,0.850207,0,-0.636263,-0.771216,-0.0198892,0,0.662613,-0.533097,-0.526072,0,12.3691,2.08413,18.9547,1],[-0.377142,0.814593,0.440683,0,-0.876212,-0.467966,0.115153,0,0.300028,-0.342703,0.890246,0,2.65409,24.4443,8.96879,1],[0.351641,0.809098,0.470859,0,-0.936017,0.295936,0.190505,0,0.0147933,-0.507722,0.861394,0,13.8137,21.3302,6.69226,1],[-0.337872,0.814945,0.470858,0,-0.863019,-0.467874,0.190506,0,0.375554,-0.341993,0.861394,0,-3.20243,24.753,6.69226,1],[-0.356484,0.814946,0.456926,0,-0.869969,-0.467869,0.155732,0,0.340694,-0.341996,0.875766,0,-3.29304,24.4514,9.11055,1],[0.35749,0.812464,0.460547,0,-0.933831,0.317666,0.164462,0,-0.0126805,-0.488866,0.872267,0,14.237,20.5986,9.16713,1],[-0.211399,0.888484,0.407316,0,-0.967382,-0.249711,0.0426224,0,0.13958,-0.38502,0.912292,0,1.24962,24.8421,11.399,1],[0.10936,0.905183,0.410711,0,-0.993899,0.0936325,0.0582861,0,0.0143037,-0.414579,0.909901,0,8.10373,23.4856,11.407,1],[-0.249613,-0.355702,0.900649,0,-0.867435,-0.331268,-0.371239,0,0.430406,-0.873921,-0.22586,0,16.1968,-4.26769,25.2274,1],[0.233149,-0.472005,0.850207,0,-0.881719,-0.471356,-0.0198894,0,0.410138,-0.745007,-0.526072,0,10.2113,-1.94466,18.9547,1],[1.3016e-07,-2.54597e-06,1,0,0.98636,-0.164603,-5.47457e-07,0,0.164603,0.98636,2.48982e-06,0,-31.8359,4.19554,1.2507e-05,1],[5.01191e-07,-1.38764e-06,1,0,1.54093,-0.279666,-6.87889e-07,0,0.448857,0.960097,1.24494e-06,0,-33.6982,9.18906,1.89202e-05,1],[0.539289,0.842121,2.85878e-08,0,-0.842121,0.539289,-8.78614e-08,0,-8.9407e-08,2.33083e-08,1,0,24.5,-33.4822,4.97308,1],[0.396403,0.178031,0.90065,0,-0.914841,0.158897,0.37124,0,-0.077018,-0.971111,0.225857,0,22.6789,-11.95,-25.2275,1],[-0.605455,0.79588,-4.1675e-07,0,-0.79588,-0.605455,-4.57106e-08,0,-2.88703e-07,3.04007e-07,1,0,20.3081,34.0153,4.97308,1],[-0.396403,-0.178033,0.900649,0,-0.91484,0.158897,-0.371239,0,-0.0770179,-0.971111,-0.22586,0,22.6789,-11.95,25.2274,1],[0.00781226,-0.999969,-3.77099e-06,0,0.999969,0.00781226,-3.41485e-10,0,2.98014e-08,-3.77087e-06,1,0,-16.2011,-0.197989,-9.71992e-07,1],[-0.10966,0.176075,-0.97825,0,-0.888313,0.424204,0.175931,0,0.445955,0.888284,0.109892,0,15.2607,-3.10166,-7.85535,1],[0.10966,-0.176072,-0.97825,0,-0.888312,0.424205,-0.17593,0,0.445956,0.888284,-0.109889,0,15.2607,-3.10168,7.85534,1],[-0.605455,0.795879,-4.1675e-07,0,-0.795879,-0.605455,-4.57106e-08,0,-2.88703e-07,3.04007e-07,1,0,8.67651,34.0153,4.97307,1],[0.539289,0.842121,2.85878e-08,0,-0.842121,0.539289,-8.78614e-08,0,-8.9407e-08,2.33083e-08,1,0,10.8094,-33.4822,4.97308,1],[1.62921e-07,-1,-4.96308e-06,0,1,1.62921e-07,8.08588e-13,0,0,-4.96308e-06,1,0,-5.02184,42.1149,0.0002088,1]],"boneNames":["Bone019(mirrored)","Bone010(mirrored)","Bone018(mirrored)","Bone017(mirrored)","Bone014(mirrored)","Bone015(mirrored)","Bone011(mirrored)","Bone012(mirrored)","Bone009(mirrored)","Bone020(mirrored)","Bone019","Bone010","Bone018","Bone017","Bone014","Bone015","Bone011","Bone012","Bone009","Bone020","Bone021","Bone007","Bone026","Bone008(mirrored)","Bone024","Bone008","Bone006","Bone003","Bone003(mirrored)","Bone025","Bone027","Bone001"]},{"inverseBindMatrices":[[0.10966,-0.176072,-0.97825,0,-0.888312,0.424205,-0.17593,0,0.445955,0.888284,-0.109889,0,15.2607,-3.10168,7.85534,1],[0.281696,-0.0996853,-0.978415,0,-1.52891,-0.0636608,-0.175276,0,-0.0697404,0.99298,-0.10946,0,14.7615,1.74889,7.84949,1],[-7.6741e-06,9.53669e-07,-1,0,-6.85454e-07,1,9.53675e-07,0,1,6.85461e-07,-7.6741e-06,0,0.779994,-3.61284,7.46787,1],[-0.10966,0.176075,-0.97825,0,-0.888313,0.424204,0.175931,0,0.445955,0.888284,0.109891,0,15.2607,-3.10166,-7.85535,1],[-0.286303,0.095391,-0.97816,0,-1.52002,-0.0867396,0.176644,0,-0.105415,0.991654,0.109544,0,14.621,1.97132,-7.86266,1],[-7.6592e-06,9.5367e-07,-1,0,-6.18398e-07,1,9.53675e-07,0,1,6.18406e-07,-7.6592e-06,0,0.779859,-3.61283,-7.46788,1]],"boneNames":["Bone003(mirrored)","Bone004(mirrored)","Bone028","Bone003","Bone004","Bone030"]}],"morphs":[],"vertices":[{"position":{"type":"float32","components":3,"data":[20.9804,12.4323,3.90023,22.3156,13.6946,2.64833,20.984,13.3465,3.11098,23.1615,12.708,3.53698,24.2958,5.56813,5.8268,24.6216,7.61969,5.27655,22.9491,7.26266,4.48434,25.3937,5.57289,6.3635,24.5377,8.63033,5.44599,24.7951,5.14014,3.51666,22.9491,7.26266,4.48434,23.7519,7.02157,2.32096,23.5316,5.39971,5.36893,26.3949,8.60965,3.2369,26.3136,7.62905,3.33249,27.0351,5.31735,4.4362,23.0218,3.54822,5.26653,23.5316,5.39971,5.36893,23.2824,2.88828,5.67748,24.4482,2.63686,4.10669,23.0218,3.54822,5.26653,23.9912,3.35619,3.98338,23.2824,2.88828,5.67748,25.186,2.44441,4.55158,23.9847,2.67246,6.18681,24.4482,2.63686,4.10669,23.2824,2.88828,5.67748,24.4482,2.63686,4.10669,24.7951,5.14014,3.51666,27.0351,5.31735,4.4362,25.4675,5.13609,0.792329,24.6165,6.84251,-0.101296,24.8829,5.31376,3.10202,26.9332,7.24032,0.64112,27.6886,5.16098,1.71129,27.0722,5.24217,4.23896,24.6621,2.15944,0.981343,23.5395,3.40179,2.7617,24.3108,3.14362,0.736566,23.7284,2.36613,2.96006,24.4569,2.22498,3.32994,25.4997,1.96017,1.35499,24.6621,2.15944,0.981343,23.7284,2.36613,2.96006,27.1824,5.10571,-2.3512,26.5915,6.87268,-2.39139,27.5916,7.16938,-1.86948,28.3315,5.21792,-1.44619,25.381,6.54678,-2.45597,25.7274,5.53037,-0.0832118,26.2585,4.89384,-2.3664,27.5366,5.15194,0.631362,26.2658,2.4351,-1.70757,26.014,3.058,-1.78352,25.3054,3.2157,-0.0683746,26.4721,2.64763,0.377419,27.1885,2.45605,-1.27106,26.2658,2.4351,-1.70757,25.5137,2.64848,0.089724,26.2658,2.4351,-1.70757,25.5137,2.64848,0.089724,26.9332,7.24032,0.64112,24.6165,6.84251,-0.101296,25.7274,5.53037,-0.0832118,27.5366,5.15194,0.631362,24.8594,12.5863,-2.49354,25.168,12.7221,0.841658,25.8947,11.9068,-2.69874,24.0967,13.3349,0.49071,24.0935,10.4858,-3.51696,22.8807,8.09184,-3.60308,21.9834,10.4548,-3.85683,25.2127,8.80267,-3.4301,27.1041,8.28075,0.495618,27.7292,7.92002,-2.08626,21.1072,8.43489,3.04652,19.4001,8.94925,1.76575,20.7531,8.6742,1.01947,21.5461,11.1131,4.39856,26.2888,7.2171,-2.74726,20.8014,10.5998,-1.90004,21.8992,8.32978,-1.28423,23.9912,3.35619,3.98338,27.0722,5.24217,4.23896,24.8829,5.31376,3.10202,23.7284,2.36613,2.96006,24.4569,2.22498,3.32994,23.5395,3.40179,2.7617,27.6886,5.16098,1.71129,24.6621,2.15944,0.981343,25.4675,5.13609,0.792329,24.3108,3.14362,0.736566,25.5137,2.64848,0.089724,25.3054,3.2157,-0.0683746,26.4721,2.64763,0.377419,25.4997,1.96017,1.35499,24.6009,6.61055,-2.94856,19.2207,11.7872,2.33696,19.6539,11.1184,0.665001,18.6001,10.5381,2.83307,22.0788,11.0275,-3.52252,20.8028,11.2348,-1.97782,23.7519,7.02157,2.32096,26.3136,7.62905,3.33249,25.186,2.44441,4.55158,22.261,7.60547,4.48422,19.2207,11.7872,2.33696,18.6001,10.5381,2.83307,23.4152,11.6203,-3.57102,23.4735,6.69892,-0.45685,22.4647,7.12661,2.04897,22.261,7.60547,4.48422,20.8128,10.9095,4.41882,19.9199,11.9799,0.509234,21.9976,12.5259,-0.466211,22.3156,13.6946,2.64833,24.0967,13.3349,0.49071,20.8028,11.2348,-1.97782,19.9199,11.9799,0.509234,20.984,13.3465,3.11098,19.4015,12.8635,1.95231,23.4152,11.6203,-3.57102,22.0788,11.0275,-3.52252,24.8594,12.5863,-2.49354,17.6454,6.98793,5.6014,19.6271,6.4968,5.75684,19.4693,6.99915,6.33497,17.8733,6.55703,5.06175,18.482,6.70786,3.6603,20.0227,6.27543,5.04232,18.1337,6.36927,4.45265,20.4562,6.56804,4.25963,20.3271,7.05563,5.28329,19.7492,7.59253,5.9592,17.8154,7.55286,5.08477,18.7395,7.78773,3.13512,20.7596,7.68742,3.79318,19.9365,9.29446,5.81129,18.1194,9.25633,4.81455,18.1194,9.25633,4.81455,20.7619,8.38118,5.01283,17.8154,7.55286,5.08477,21.5543,9.63916,4.35288,20.7619,8.38118,5.01283,21.5543,9.63916,4.35288,20.3271,7.05563,5.28329,19.4015,12.8635,1.95231,19.4015,12.8635,1.95231,19.6271,6.4968,5.75684,17.8733,6.55703,5.06175,17.6454,6.98793,5.6014,-22.3173,13.6946,2.64833,-20.9821,12.4323,3.90023,-20.9857,13.3465,3.11098,-23.1631,12.708,3.53698,-24.2975,5.56813,5.8268,-22.9508,7.26266,4.48434,-24.6233,7.61969,5.27655,-25.3954,5.57289,6.3635,-24.5394,8.63033,5.44599,-24.7968,5.14014,3.51666,-23.7536,7.02157,2.32096,-22.9508,7.26266,4.48434,-23.5333,5.39971,5.36893,-26.3966,8.60965,3.2369,-26.3153,7.62905,3.33249,-27.0367,5.31735,4.4362,-23.284,2.88828,5.67748,-23.0235,3.54822,5.26653,-23.5333,5.39971,5.36893,-23.9929,3.35619,3.98338,-23.0235,3.54822,5.26653,-24.4499,2.63686,4.10669,-23.284,2.88828,5.67748,-24.4499,2.63686,4.10669,-23.284,2.88828,5.67748,-23.9864,2.67246,6.18681,-25.1877,2.44441,4.55158,-24.4499,2.63686,4.10669,-27.0367,5.31735,4.4362,-24.7968,5.14014,3.51666,-25.4692,5.13609,0.792329,-24.6182,6.84251,-0.101296,-24.8845,5.31376,3.10202,-26.9349,7.24032,0.64112,-27.6903,5.16098,1.71129,-27.0739,5.24217,4.23896,-23.5411,3.40179,2.7617,-24.6638,2.15944,0.981343,-24.3125,3.14362,0.736566,-23.7301,2.36613,2.96006,-24.4585,2.22498,3.32994,-25.5014,1.96017,1.35499,-24.6638,2.15944,0.981343,-23.7301,2.36613,2.96006,-27.1841,5.10571,-2.3512,-27.5933,7.16938,-1.86948,-26.5932,6.87268,-2.39139,-28.3332,5.21792,-1.44619,-25.3827,6.54678,-2.45597,-25.7291,5.53037,-0.0832118,-26.2602,4.89384,-2.3664,-27.5383,5.15194,0.631362,-26.0157,3.058,-1.78352,-26.2675,2.4351,-1.70757,-25.3071,3.2157,-0.0683746,-26.4738,2.64763,0.377419,-27.1902,2.45605,-1.27106,-26.2675,2.4351,-1.70757,-25.5154,2.64848,0.089724,-26.2675,2.4351,-1.70757,-25.5154,2.64848,0.089724,-24.6182,6.84251,-0.101296,-26.9349,7.24032,0.64112,-25.7291,5.53037,-0.0832118,-27.5383,5.15194,0.631362,-25.1697,12.7221,0.841658,-24.861,12.5863,-2.49354,-25.8964,11.9068,-2.69874,-24.0984,13.3349,0.49071,-22.8824,8.09184,-3.60308,-24.0952,10.4858,-3.51696,-21.9851,10.4548,-3.85683,-25.2144,8.80267,-3.4301,-27.1058,8.28075,0.495618,-27.7309,7.92002,-2.08626,-21.1089,8.43489,3.04652,-20.7547,8.6742,1.01947,-19.4018,8.94925,1.76575,-21.5478,11.1131,4.39856,-26.2904,7.2171,-2.74726,-20.803,10.5998,-1.90004,-21.9008,8.32978,-1.28423,-23.9929,3.35619,3.98338,-27.0739,5.24217,4.23896,-23.7301,2.36613,2.96006,-24.8845,5.31376,3.10202,-24.4585,2.22498,3.32994,-23.5411,3.40179,2.7617,-27.6903,5.16098,1.71129,-25.4692,5.13609,0.792329,-24.6638,2.15944,0.981343,-24.3125,3.14362,0.736566,-25.5154,2.64848,0.089724,-25.3071,3.2157,-0.0683746,-26.4738,2.64763,0.377419,-25.5014,1.96017,1.35499,-24.6026,6.61055,-2.94856,-19.2224,11.7872,2.33696,-18.6018,10.5381,2.83307,-19.6556,11.1184,0.665001,-22.0805,11.0275,-3.52252,-20.8045,11.2348,-1.97782,-26.3153,7.62905,3.33249,-23.7536,7.02157,2.32096,-25.1877,2.44441,4.55158,-22.2626,7.60547,4.48422,-19.2224,11.7872,2.33696,-18.6018,10.5381,2.83307,-23.4169,11.6203,-3.57102,-23.4751,6.69892,-0.45685,-22.4664,7.12661,2.04897,-22.2626,7.60547,4.48422,-20.8145,10.9095,4.41882,-19.9216,11.9799,0.509234,-21.9993,12.5259,-0.466211,-24.0984,13.3349,0.49071,-22.3173,13.6946,2.64833,-19.9216,11.9799,0.509234,-20.8045,11.2348,-1.97782,-20.9857,13.3465,3.11098,-19.4032,12.8635,1.95231,-22.0805,11.0275,-3.52252,-23.4169,11.6203,-3.57102,-24.861,12.5863,-2.49354,-17.6471,6.98793,5.6014,-19.6287,6.4968,5.75684,-17.875,6.55703,5.06175,-19.471,6.99915,6.33497,-20.0244,6.27543,5.04232,-18.4837,6.70786,3.6603,-18.1354,6.36927,4.45265,-20.4579,6.56804,4.25963,-20.3288,7.05563,5.28329,-17.817,7.55286,5.08477,-19.7509,7.59253,5.9592,-18.7412,7.78773,3.13512,-20.7613,7.68742,3.79318,-18.1211,9.25633,4.81455,-19.9381,9.29446,5.81129,-18.1211,9.25633,4.81455,-20.7636,8.38118,5.01283,-17.817,7.55286,5.08477,-21.556,9.63916,4.35288,-20.7636,8.38118,5.01283,-21.556,9.63916,4.35288,-20.3288,7.05563,5.28329,-19.4032,12.8635,1.95231,-19.4032,12.8635,1.95231,-19.6287,6.4968,5.75684,-17.875,6.55703,5.06175,-17.6471,6.98793,5.6014,0.00347204,41.7643,-1.34567,0.00347204,38.9571,-1.37442,-0.772618,41.1964,-0.864985,-1.18717,38.9279,-0.95558,0.00347204,39.3407,-0.0388737,0.00347204,40.9727,-0.231149,0.779562,41.1964,-0.864985,1.19412,38.9279,-0.95558,2.1193,34.6571,-0.444545,0.00347204,33.2157,-1.1036,0.00347204,34.7719,-1.44794,2.15432,33.1606,-0.0981045,0.00347204,34.0474,5.75545,0.901585,31.0664,4.58399,1.75642,34.1622,4.87806,0.00347204,31.079,5.45826,2.61091,34.3988,3.17985,2.69066,32.9896,1.68435,2.90355,34.5607,1.69684,2.10838,32.028,3.13417,2.29529,36.7652,-0.781919,0.00347204,36.6267,-1.46732,0.00347204,35.7633,6.08158,1.9567,35.9001,5.0201,2.92241,36.083,3.17813,3.35359,36.3293,1.68516,2.00916,38.1591,5.09277,2.86416,38.4838,3.09198,3.55998,38.7139,1.80713,0.00347204,31.7216,2.21472,2.15432,33.1606,-0.0981045,1.54877,31.8141,2.41323,0.00347204,33.2157,-1.1036,0.00347204,39.3412,4.4875,2.23153,39.3605,1.92318,0.00347204,39.8397,1.06197,2.86416,38.4838,3.09198,0.00347204,30.8838,4.20919,0.901585,31.0664,4.58399,2.23153,39.3605,1.92318,3.0186,40.8175,2.80467,2.43728,40.7341,1.97684,2.86416,38.4838,3.09198,3.55998,38.7139,1.80713,3.55998,41.5105,2.05375,3.0186,40.8175,2.80467,2.86416,38.4838,3.09198,3.04699,41.0134,1.26893,2.82635,38.8602,0.668848,0.00347204,38.0862,6.60424,-2.11235,34.6571,-0.444545,-2.14737,33.1606,-0.0981045,-0.894641,31.0664,4.58399,-1.74947,34.1622,4.87806,-2.60397,34.3988,3.17985,-2.68371,32.9896,1.68435,-2.10144,32.028,3.13417,-2.89661,34.5607,1.69684,-2.28835,36.7652,-0.781919,-1.94976,35.9001,5.0201,-2.91546,36.083,3.17813,-3.34665,36.3293,1.68516,-2.00222,38.1591,5.09277,-2.85722,38.4838,3.09198,-3.55304,38.7139,1.80713,-2.14737,33.1606,-0.0981045,-1.54183,31.8141,2.41323,-2.22459,39.3605,1.92318,-2.85722,38.4838,3.09198,-0.894641,31.0664,4.58399,-2.43034,40.7341,1.97684,-3.01166,40.8175,2.80467,-2.22459,39.3605,1.92318,-2.85722,38.4838,3.09198,-3.55304,41.5105,2.05375,-3.55304,38.7139,1.80713,-3.01166,40.8175,2.80467,-2.85722,38.4838,3.09198,-3.04005,41.0134,1.26893,-2.81941,38.8602,0.668848,8.68303,35.0946,-0.687118,6.03068,33.047,-1.52039,5.96169,35.0695,-0.912432,8.75202,33.0721,-1.29508,5.96468,36.417,-1.09859,8.68602,36.4421,-0.873278,6.02963,37.1136,-1.96062,8.75097,37.1387,-1.7353,6.04887,32.7865,-0.827054,5.96101,35.2403,-0.0391603,5.97725,37.1581,-0.448956,6.06579,38.0823,-1.62123,8.53697,35.264,0.174114,8.62483,32.8102,-0.613781,8.55322,37.1819,-0.235677,8.64175,38.1061,-1.40796,8.68303,35.0946,-0.687118,8.75202,33.0721,-1.29508,8.68602,36.4421,-0.873278,8.75097,37.1387,-1.7353,8.9286,36.2757,-3.78462,6.20726,36.2506,-4.00993,6.28865,34.2877,-4.7744,9.00999,34.3128,-4.54909,8.84046,37.1849,-2.8213,6.11911,37.1598,-3.0466,6.41578,34.5511,-5.45518,6.31991,36.9664,-4.5663,6.18616,38.1629,-3.08403,8.89588,36.9902,-4.35302,8.99174,34.5749,-5.24191,8.76212,38.1866,-2.87076,8.9286,36.2757,-3.78462,9.00999,34.3128,-4.54909,8.84046,37.1849,-2.8213,-8.67609,35.0946,-0.687118,-5.95475,35.0695,-0.912432,-6.02373,33.047,-1.52039,-8.74508,33.0721,-1.29508,-5.95773,36.417,-1.09859,-8.67908,36.4421,-0.873278,-8.74402,37.1387,-1.7353,-6.02268,37.1136,-1.96062,-5.95406,35.2403,-0.0391603,-6.04192,32.7865,-0.827054,-5.97031,37.1581,-0.448956,-6.05884,38.0823,-1.62123,-8.53003,35.264,0.174114,-8.61789,32.8102,-0.613781,-8.54627,37.1819,-0.235677,-8.63481,38.1061,-1.40796,-8.67609,35.0946,-0.687118,-8.74508,33.0721,-1.29508,-8.67908,36.4421,-0.873278,-8.74402,37.1387,-1.7353,-8.92165,36.2757,-3.78462,-6.28171,34.2877,-4.7744,-6.20032,36.2506,-4.00993,-9.00305,34.3128,-4.54909,-8.83351,37.1849,-2.8213,-6.11217,37.1598,-3.0466,-6.40884,34.5511,-5.45518,-6.31297,36.9664,-4.5663,-6.17921,38.1629,-3.08403,-8.88893,36.9902,-4.35302,-8.9848,34.5749,-5.24191,-8.75518,38.1866,-2.87076,-8.92165,36.2757,-3.78462,-9.00305,34.3128,-4.54909,-8.83351,37.1849,-2.8213,4.35117,31.919,3.90999,4.61811,34.1586,3.90706,3.22717,34.1573,3.88544,3.35938,31.8798,3.88739,4.1358,38.4341,-3.75706,0.00347204,38.8575,-4.47928,3.21653,38.4328,-2.65372,0.00347204,38.8562,-3.21522,4.88703,37.7265,-1.49948,6.22076,37.6023,-2.20053,4.79636,35.4765,2.01367,6.43483,35.2533,2.01367,0.00347204,34.02,-4.47928,4.1358,34.02,-3.75706,6.12312,33.1639,-2.43595,1.05614,29.3198,4.73149,0.665009,27.8277,4.73149,2.50264,29.3207,4.72811,3.32303,27.9505,4.73206,2.15804,29.5027,4.60755,0.871509,29.5028,4.60822,0.480379,28.0175,4.60822,7.62447,36.5868,-0.167185,7.53984,32.3538,-0.692311,6.04035,36.8068,0.0131989,5.98033,30.4499,1.83519,3.21653,38.4328,-2.65372,0.00347204,33.6281,-3.21522,3.21653,33.2047,-2.65372,0.00347204,38.8562,-3.21522,4.88703,37.7265,-1.49948,4.88703,32.4984,-1.49947,0.480379,28.0175,4.60822,2.15804,29.5027,4.60755,3.15984,27.9401,4.36904,0.871509,29.5028,4.60822,6.04035,36.8068,0.0131989,6.04035,31.5787,0.0131993,4.79636,35.4765,2.01367,4.87529,30.1422,2.14764,-4.61117,34.1586,3.90706,-4.34422,31.919,3.90999,-3.22023,34.1573,3.88544,-3.35243,31.8798,3.88739,-3.20958,38.4328,-2.65372,-4.12885,38.4341,-3.75706,-4.88009,37.7265,-1.49948,-6.21382,37.6023,-2.20053,-4.78942,35.4765,2.01367,-6.42789,35.2533,2.01367,-4.12885,34.02,-3.75706,-6.11617,33.1639,-2.43595,-2.4957,29.3207,4.72811,-3.31609,27.9505,4.73206,-0.658065,27.8277,4.73149,-1.0492,29.3198,4.73149,-2.15109,29.5027,4.60755,-0.864565,29.5028,4.60822,-0.473435,28.0175,4.60822,-7.61752,36.5868,-0.167185,-7.53289,32.3538,-0.692311,-6.0334,36.8068,0.0131989,-5.97339,30.4499,1.83519,-3.20958,38.4328,-2.65372,-3.20958,33.2047,-2.65372,-4.88009,37.7265,-1.49948,-4.88009,32.4984,-1.49947,-0.473435,28.0175,4.60822,-3.15289,27.9401,4.36904,-2.15109,29.5027,4.60755,-0.864565,29.5028,4.60822,-6.0334,36.8068,0.0131989,-6.0334,31.5787,0.0131993,-4.78942,35.4765,2.01367,-4.86835,30.1422,2.14764,-8.61674,25.4013,1.41106,-6.43939,28.9164,5.99514,-7.94494,29.7388,4.86863,-6.94567,25.1313,2.47451,-6.11794,28.5098,3.9622,-7.19096,29.1107,3.32,-6.74979,25.0785,2.18412,-8.51379,25.3913,1.00039,-6.74979,25.0785,2.18412,-6.11794,28.5098,3.9622,-7.19096,29.1107,3.32,-8.51379,25.3913,1.00039,0.00347204,27.2564,6.28058,-3.56369,27.247,6.28059,0.00347204,23.5816,3.24608,-4.2991,23.5541,3.24627,-8.70481,34.1383,-1.21906,-10.087,33.5615,-1.13865,-8.48504,31.8479,0.547096,-9.80483,31.6947,0.922385,-5.10485,23.7983,0.339895,-8.51379,25.3913,1.00039,-6.49538,23.8435,-1.97625,-9.05355,25.5558,-1.45808,-6.45141,34.2972,-7.14541,-3.76501,34.2049,-7.1987,-4.36818,30.9392,-7.44623,-7.49725,30.971,-7.61228,-5.95314,34.9017,-5.71234,-3.82927,34.6908,-6.06073,0.00347204,22.0852,2.07072,-3.30069,21.8209,1.09147,-2.92323,21.1886,0.750853,0.00347204,22.7048,2.77072,-5.15589,26.5981,-7.96854,0.00347204,25.785,-9.34751,-4.18764,23.4263,-5.92871,0.00347204,24.6009,-7.93645,-4.87805,20.5316,-2.49998,-5.4663,21.1062,-2.49005,-4.28349,22.6603,-6.28514,0.00347204,23.9038,-8.49991,-3.68406,21.8179,-6.05487,0.00347204,22.9175,-8.13717,0.00347204,30.8798,-9.10072,-4.25455,30.928,-8.246,-2.30047,35.8086,-8.81502,0.00347204,36.7189,-7.01022,0.00347204,35.9107,-8.96702,-2.65446,36.6068,-6.80383,-8.07701,35.1126,-4.47766,-9.66494,34.6883,-4.86161,-5.37406,23.8303,-2.30914,-5.80792,25.217,-4.60266,-5.07,24.969,-4.52832,-6.49538,23.8435,-1.97625,-4.87805,20.5316,-2.49998,-5.4663,21.1062,-2.49005,-5.07719,21.8757,-2.38113,-5.07719,21.8757,-2.38113,-3.12507,22.5273,0.901109,0.00347204,23.2542,2.52411,-9.53447,27.6581,-1.49579,-8.63895,27.5787,2.13808,-7.75409,29.4585,2.94737,-11.4709,27.9579,-0.257147,-9.72696,27.2019,1.19497,-9.80483,31.6947,0.922385,-6.74979,25.0785,2.18412,-10.1621,30.601,-5.90655,-8.58293,26.3527,-4.1529,-9.05355,25.5558,-1.45808,-8.44928,27.419,-6.02584,-4.97811,26.8489,-6.96621,-3.7252,33.9654,-8.32822,-5.00595,23.9154,-5.84784,6.44634,28.9164,5.99514,6.95261,25.1313,2.47451,8.62368,25.4013,1.41106,7.95189,29.7388,4.86863,6.12488,28.5098,3.9622,7.1979,29.1107,3.32,6.75674,25.0785,2.18412,8.52074,25.3913,1.00039,6.12488,28.5098,3.9622,6.75674,25.0785,2.18412,7.1979,29.1107,3.32,8.52074,25.3913,1.00039,3.57063,27.247,6.28059,4.30604,23.5541,3.24627,8.71176,34.1383,-1.21906,8.49198,31.8479,0.547096,10.0939,33.5615,-1.13865,9.81178,31.6947,0.922385,6.50232,23.8435,-1.97625,8.52074,25.3913,1.00039,5.11179,23.7983,0.339895,9.06049,25.5558,-1.45808,6.45835,34.2972,-7.14541,4.37512,30.9392,-7.44623,3.77196,34.2049,-7.1987,7.5042,30.971,-7.61228,5.96008,34.9017,-5.71234,3.83621,34.6908,-6.06073,2.93018,21.1886,0.750853,3.30764,21.8209,1.09147,5.16283,26.5981,-7.96854,4.19459,23.4263,-5.92871,4.88499,20.5316,-2.49998,5.47324,21.1062,-2.49005,4.29044,22.6603,-6.28514,3.691,21.8179,-6.05487,4.26149,30.928,-8.246,2.30742,35.8086,-8.81502,2.66141,36.6068,-6.80383,9.67188,34.6883,-4.86161,8.08396,35.1126,-4.47766,5.381,23.8303,-2.30914,5.81486,25.217,-4.60266,6.50232,23.8435,-1.97625,5.07694,24.969,-4.52832,4.88499,20.5316,-2.49998,5.47324,21.1062,-2.49005,5.08413,21.8757,-2.38113,5.08413,21.8757,-2.38113,3.13202,22.5273,0.901109,9.54141,27.6581,-1.49579,8.64589,27.5787,2.13808,7.76103,29.4585,2.94737,9.7339,27.2019,1.19497,11.4779,27.9579,-0.257147,9.81178,31.6947,0.922385,6.75674,25.0785,2.18412,10.169,30.601,-5.90655,8.58987,26.3527,-4.1529,9.06049,25.5558,-1.45808,8.45623,27.419,-6.02584,4.98505,26.8489,-6.96621,3.73214,33.9654,-8.32822,5.01289,23.9154,-5.84784,-12.2907,26.8151,1.24045,-15.9585,26.5429,1.22025,-16.0037,25.456,0.688966,-11.8187,25.7267,0.969397,-19.2784,26.3211,-1.47926,-19.1934,27.3311,-1.25752,-9.47915,34.7917,0.658992,-10.3167,33.1247,1.4725,-9.73325,32.8794,1.35877,-10.2738,35.366,0.765036,-22.1015,27.3898,-5.87611,-22.0939,28.4521,-5.7363,-17.787,34.4308,-0.529257,-21.978,32.4554,-5.2094,-19.677,31.5489,-1.12771,-21.2894,36.2978,-4.70368,-10.8994,30.3332,1.76862,-11.6401,30.734,1.86591,-14.7808,32.2471,1.88482,-14.9015,30.9923,1.83842,-21.2353,29.1209,-5.64827,-19.1482,28.2284,-1.76093,-16.0066,27.252,0.561341,-13.8192,27.5267,0.24914,-13.0366,28.3673,0.548953,-17.1203,37.1037,-0.856189,-18.7264,39.13,-4.33093,-11.6188,27.3975,1.48603,-10.771,27.0598,1.43393,-12.9571,31.6316,1.26212,-12.2471,34.9907,1.36459,-10.2013,36.7088,-4.64959,-9.24291,35.9778,-4.7458,-12.2907,28.676,-12.899,-16.0037,27.2206,-12.718,-15.9585,28.4079,-12.9499,-11.8187,27.5546,-12.9188,-19.2784,27.4952,-10.3997,-19.1934,28.5281,-10.3526,-9.47915,36.2306,-10.2734,-10.3167,34.8308,-11.4906,-10.2738,36.8128,-10.2273,-9.73325,34.5645,-11.4442,-17.787,35.5745,-9.21902,-19.677,32.6359,-9.38663,-10.8994,32.2111,-12.4989,-11.6401,32.6233,-12.4892,-14.9015,32.8657,-12.3958,-14.7808,34.0898,-12.1159,-19.1482,29.2646,-9.63416,-16.0066,28.9223,-12.13,-13.8192,29.1069,-11.7573,-13.0366,29.9965,-11.8294,-17.1203,38.0718,-8.21161,-11.6188,29.3022,-12.9855,-10.771,28.9625,-13.0226,-12.9571,33.3342,-11.6737,-12.2471,36.6054,-10.9035,-9.24291,35.9778,-4.7458,22.2333,39.5693,-8.02278,23.6499,35.879,-5.07651,22.6254,35.6853,-8.57764,22.9403,39.9013,-4.54712,19.4354,37.6012,-11.5019,19.3881,34.5241,-12.5442,16.825,36.5994,-12.9008,17.491,34.1241,-13.6746,19.3494,41.0699,-7.4206,19.9727,41.3705,-4.35375,17.3384,39.7209,-10.4344,15.0084,38.5585,-12.1265,18.8971,42.212,-7.27027,19.445,42.4628,-4.20998,23.0106,35.1683,-8.64568,24.2165,35.4652,-5.13097,17.0934,41.0562,-10.2587,20.3766,34.2332,-11.7301,14.8165,36.4539,-13.2105,15.7051,34.7793,-13.8588,14.2798,36.1625,-12.6852,15.2439,34.5116,-13.2361,17.3242,33.5718,-13.0948,19.1583,33.9291,-11.9095,14.4932,38.487,-11.5655,16.4718,39.807,-10.0181,16.0461,41.0506,-9.61581,17.7438,42.1131,-7.13017,16.0461,41.0506,-9.61581,20.2977,33.5621,-11.1512,23.8267,34.4243,-5.26797,22.6436,34.2551,-8.45981,18.5059,42.4653,-4.20966,22.2333,38.6813,-1.27571,22.6254,34.786,-1.74474,19.4354,35.88,1.57573,16.825,34.5504,2.66772,19.3881,32.638,1.78624,17.491,31.9592,2.77474,19.3494,40.2866,-1.46911,17.3384,38.2037,1.09306,15.0084,36.643,2.42671,18.8971,41.4287,-1.31879,23.0106,34.269,-1.81277,17.0934,39.539,1.2688,20.3766,32.5677,0.924631,15.7051,32.5443,3.12214,14.8165,34.3297,2.92921,14.2798,34.1841,2.34645,15.2439,32.4468,2.45134,17.3242,31.5757,2.07178,19.1583,32.2275,1.01922,14.4932,36.7192,1.86636,16.4718,38.3946,0.713204,16.0461,39.6999,0.646334,17.7438,41.3694,-1.47972,16.0461,39.6999,0.646334,20.2977,32.0692,0.191777,22.6436,33.435,-2.2286,15.1639,30.3762,-14.3755,18.1693,29.9972,-13.4635,18.2244,28.2181,-13.3133,13.0987,28.7244,-14.4664,21.905,27.5985,-10.677,21.8015,29.4376,-10.5228,8.6167,39.1635,-12.9241,11.0613,42.7938,-8.44826,11.4678,39.4744,-12.8832,8.00301,42.7073,-8.45965,10.9492,43.5522,-4.0666,7.95509,43.3782,-4.0895,14.3798,43.0364,-4.13448,16.6136,42.0952,-8.01774,13.7281,41.4464,-8.44733,17.7041,43.1038,-4.12561,24.6016,27.0672,-6.23627,24.5683,28.86,-6.00032,20.053,38.9291,-8.76295,23.5861,35.8334,-5.08251,21.3233,35.2723,-9.33384,21.4832,39.7157,-4.57154,10.586,33.1201,-15.1294,13.0689,33.9791,-15.0605,17.3251,34.4901,-12.5376,15.276,37.9145,-11.1289,11.7684,42.1744,-8.41416,11.6709,42.8793,-4.15516,23.5216,29.5452,-5.91013,21.3434,30.09,-9.8217,17.9155,30.6228,-12.6364,15.8017,30.8384,-13.2406,13.7275,34.2048,-13.8865,13.0987,28.7244,-14.4664,16.8962,27.3877,-11.8387,12.0629,27.7964,-12.8457,18.2244,28.2181,-13.3133,19.8195,26.774,-9.79548,21.905,27.5985,-10.677,12.1686,38.9338,-12.0071,7.62738,39.7691,-7.28208,8.6167,39.1635,-12.9241,8.2079,37.3367,-11.191,8.00301,42.7073,-8.45965,7.57683,41.0244,-4.39929,7.95509,43.3782,-4.0895,22.3268,26.1828,-6.35268,24.6016,27.0672,-6.23627,10.586,33.1201,-15.1294,9.84879,32.5396,-12.5689,15.1639,28.1575,2.48199,18.2244,26.3478,0.897523,18.1693,28.0274,1.50294,13.0987,26.5384,2.14236,21.8015,28.2478,-1.48235,21.905,26.4314,-1.80934,8.6167,37.0211,3.35368,11.0613,41.6859,-0.0303946,8.00301,41.5993,-0.0417843,11.4678,37.332,3.39459,16.6136,41.1225,-0.627017,13.7281,40.3846,-0.379936,20.053,37.8713,-0.726414,21.3233,34.1914,-1.12114,10.586,30.6129,3.92021,13.0689,31.4605,4.07585,17.3251,32.6069,1.7711,15.276,36.2791,1.29642,11.7684,41.0964,-0.223601,21.3434,29.0593,-1.99082,17.9155,28