{"model":{"version":3,"nodes":[{"name":"RootNode","position":[0,0,0],"rotation":[0,0,0],"scale":[1,1,1],"scaleCompensation":false},{"name":"粒子视图 001","position":[-67.6628,0,0],"rotation":[2.50448e-06,-0,0],"scale":[1,1,1],"scaleCompensation":false},{"name":"粒子视图 002","position":[-67.6628,0,0],"rotation":[2.50448e-06,-0,0],"scale":[1,1,1],"scaleCompensation":false},{"name":"粒子视图 003","position":[0,0,0],"rotation":[2.50448e-06,-0,0],"scale":[1,1,1],"scaleCompensation":false},{"name":"cocosfinish_01","position":[0,0,0],"rotation":[-90,-0,0],"scale":[1,1,1],"scaleCompensation":false},{"name":"cocosfinish_02","position":[0,0,0],"rotation":[-90,-0,0],"scale":[1,1,1],"scaleCompensation":false},{"name":"粒子视图 004","position":[-67.6628,0,0],"rotation":[2.50448e-06,-0,0],"scale":[1,1,1],"scaleCompensation":false},{"name":"粒子视图 005","position":[-67.6628,0,0],"rotation":[2.50448e-06,-0,0],"scale":[1,1,1],"scaleCompensation":false},{"name":"粒子视图 006","position":[0,0,0],"rotation":[2.50448e-06,-0,0],"scale":[1,1,1],"scaleCompensation":false},{"name":"Bip002","position":[0,1.44698,0],"rotation":[-99.3506,-80.5499,8.9804],"scale":[1,1,1],"scaleCompensation":false},{"name":"Bip002 Footsteps","position":[-0.0341422,0.0113923,-1.33166],"rotation":[1.52866,-0.245431,80.6667],"scale":[1,1,1],"scaleCompensation":false},{"name":"Bip002 Pelvis","position":[0,0,0],"rotation":[-89.9999,-89.9999,0],"scale":[1,1,1],"scaleCompensation":false},{"name":"Bip002 Spine","position":[0.252807,-0.00026397,7.53617e-05],"rotation":[-15.8634,1.12312,0.327302],"scale":[1,1,1],"scaleCompensation":false},{"name":"Bip002 Spine1","position":[0.34477,-0.000350233,-2.05282e-05],"rotation":[3.34343,0.741278,4.71478],"scale":[1,1,1],"scaleCompensation":false},{"name":"Bip002 Neck","position":[0.665415,-0.00014931,-7.45058e-09],"rotation":[-9.33815e-08,-0,0.0745041],"scale":[1,1,1],"scaleCompensation":false},{"name":"Bip002 L Clavicle","position":[-0.224831,-0.0560858,0.22659],"rotation":[8.17042,-65.2733,172.45],"scale":[1,1,1],"scaleCompensation":false},{"name":"Bip002 L UpperArm","position":[0.263675,1.49012e-08,0],"rotation":[15.1347,41.5831,-12.3851],"scale":[1,1,1],"scaleCompensation":false},{"name":"Bip002 L Forearm","position":[0.511683,0,0],"rotation":[8.53774e-07,-0,-42.2085],"scale":[1,1,1],"scaleCompensation":false},{"name":"Bip002 L Hand","position":[0.471143,5.96046e-08,0],"rotation":[-94.4843,-6.3364,4.33534],"scale":[1,1,1],"scaleCompensation":false},{"name":"Bip002 L Finger0","position":[0.0681489,0.0676168,-0.101783],"rotation":[90.0051,12.4152,34.1226],"scale":[1,1,1],"scaleCompensation":false},{"name":"Bip002 L Finger01","position":[0.0707421,0,0],"rotation":[-2.66804e-07,-2.13443e-07,5.07241],"scale":[1,1,1],"scaleCompensation":false},{"name":"Bip002 L Finger02","position":[0.0707421,-5.96046e-08,0],"rotation":[-1.12058e-06,2.13443e-06,0.99249],"scale":[1,1,1],"scaleCompensation":false},{"name":"Bip002 L Finger0Nub","position":[0.0551918,1.19209e-07,0],"rotation":[-1.28066e-06,-1.60083e-06,0],"scale":[1,1,1],"scaleCompensation":false},{"name":"Bip002 L Finger1","position":[0.258038,-6.05583e-05,-0.07606],"rotation":[9.64759,-1.51727,33.5304],"scale":[1,1,1],"scaleCompensation":false},{"name":"Bip002 L Finger11","position":[0.0629523,0,-5.96046e-08],"rotation":[-5.12264e-06,-3.41509e-06,17.2433],"scale":[1,1,1],"scaleCompensation":false},{"name":"Bip002 L Finger12","position":[0.0629523,0,5.96046e-08],"rotation":[1.70755e-06,1.70755e-06,17.8732],"scale":[1,1,1],"scaleCompensation":false},{"name":"Bip002 L Finger1Nub","position":[0.0629523,-5.96046e-08,0],"rotation":[8.53774e-07,1.70755e-06,0],"scale":[1,1,1],"scaleCompensation":false},{"name":"Bip002 L Finger2","position":[0.258038,-2.01464e-05,-0.0253534],"rotation":[1.89878,-1.3778,45.3139],"scale":[1,1,1],"scaleCompensation":false},{"name":"Bip002 L Finger21","position":[0.056931,0,0],"rotation":[8.53774e-07,-0,14.7805],"scale":[1,1,1],"scaleCompensation":false},{"name":"Bip002 L Finger22","position":[0.0656748,-5.96046e-08,5.96046e-08],"rotation":[3.41509e-06,1.70755e-06,20.9835],"scale":[1,1,1],"scaleCompensation":false},{"name":"Bip002 L Finger2Nub","position":[0.0732154,0,0],"rotation":[-1.70755e-06,-1.70755e-06,0],"scale":[1,1,1],"scaleCompensation":false},{"name":"Bip002 L Finger3","position":[0.258018,6.49691e-05,0.0334001],"rotation":[-9.20318,-3.75463,53.2846],"scale":[1,1,1],"scaleCompensation":false},{"name":"Bip002 L Finger31","position":[0.0492145,2.98023e-08,0],"rotation":[0,-3.41509e-06,14.1397],"scale":[1,1,1],"scaleCompensation":false},{"name":"Bip002 L Finger32","position":[0.054289,0,-5.96046e-08],"rotation":[-3.41509e-06,-0,15.0457],"scale":[1,1,1],"scaleCompensation":false},{"name":"Bip002 L Finger3Nub","position":[0.0491273,0,0],"rotation":[0,-8.53774e-07,0],"scale":[1,1,1],"scaleCompensation":false},{"name":"Bip002 L Finger4","position":[0.24704,0.0196705,0.0819059],"rotation":[-11.2001,-2.08013,32.9767],"scale":[1,1,1],"scaleCompensation":false},{"name":"Bip002 L Finger41","position":[0.0388112,-5.96046e-08,-5.96046e-08],"rotation":[3.41509e-06,-3.41509e-06,35.3467],"scale":[1,1,1],"scaleCompensation":false},{"name":"Bip002 L Finger42","position":[0.0388113,-5.96046e-08,5.96046e-08],"rotation":[-1.70755e-06,-0,20.89],"scale":[1,1,1],"scaleCompensation":false},{"name":"Bip002 L Finger4Nub","position":[0.0388114,5.96046e-08,0],"rotation":[1.70755e-06,-8.53774e-07,1.70755e-06],"scale":[1,1,1],"scaleCompensation":false},{"name":"Dummy004","position":[0.125838,3.57628e-07,-5.96046e-08],"rotation":[6.83019e-06,-1.70755e-06,-1.02453e-05],"scale":[1,1,1],"scaleCompensation":false},{"name":"Bip002 R Clavicle","position":[-0.224831,-0.0560846,-0.226591],"rotation":[32.7798,55.5992,-152.137],"scale":[1,1,1],"scaleCompensation":false},{"name":"Bip002 R UpperArm","position":[0.263675,-2.98023e-08,0],"rotation":[-24.8386,-33.7099,21.3469],"scale":[1,1,1],"scaleCompensation":false},{"name":"Bip002 R Forearm","position":[0.511683,0,1.19209e-07],"rotation":[-5.33609e-08,-1.70755e-06,-24.8313],"scale":[1,1,1],"scaleCompensation":false},{"name":"Bip002 R Hand","position":[0.471143,0,0],"rotation":[89.0903,3.54695,2.03553],"scale":[1,1,1],"scaleCompensation":false},{"name":"Bip002 R Finger0","position":[0.068149,0.0676169,0.101783],"rotation":[-89.074,-12.3811,29.7875],"scale":[1,1,1],"scaleCompensation":false},{"name":"Bip002 R Finger01","position":[0.0707421,4.47035e-08,5.96046e-08],"rotation":[-5.06928e-07,-0,5.61519],"scale":[1,1,1],"scaleCompensation":false},{"name":"Bip002 R Finger02","position":[0.070742,-1.49012e-08,0],"rotation":[-1.32068e-06,1.70755e-06,1.29047],"scale":[1,1,1],"scaleCompensation":false},{"name":"Bip002 R Finger0Nub","position":[0.0551916,0,0],"rotation":[1.294e-06,-8.53774e-07,180],"scale":[-1,-1,-1],"scaleCompensation":false},{"name":"Bip002 R Finger1","position":[0.258038,-6.05583e-05,0.0760599],"rotation":[-9.58876,1.05527,30.505],"scale":[1,1,1],"scaleCompensation":false},{"name":"Bip002 R Finger11","position":[0.0629522,0,2.98023e-08],"rotation":[0,-4.26887e-07,14.7405],"scale":[1,1,1],"scaleCompensation":false},{"name":"Bip002 R Finger12","position":[0.0629523,-5.96046e-08,0],"rotation":[-4.26887e-07,2.13443e-07,15.6285],"scale":[1,1,1],"scaleCompensation":false},{"name":"Bip002 R Finger1Nub","position":[0.0629523,-5.96046e-08,2.98023e-08],"rotation":[-2.13443e-07,2.13443e-07,-180],"scale":[-1,-1,-1],"scaleCompensation":false},{"name":"Bip002 R Finger2","position":[0.258039,-2.00272e-05,0.0253533],"rotation":[-1.83644,1.33292,42.2557],"scale":[1,1,1],"scaleCompensation":false},{"name":"Bip002 R Finger21","position":[0.056931,0,2.98023e-08],"rotation":[-1.28066e-06,-0,12.8824],"scale":[1,1,1],"scaleCompensation":false},{"name":"Bip002 R Finger22","position":[0.0656745,0,0],"rotation":[1.28066e-06,-0,17.9295],"scale":[1,1,1],"scaleCompensation":false},{"name":"Bip002 R Finger2Nub","position":[0.0732155,-2.98023e-08,-2.98023e-08],"rotation":[-0,-2.13443e-07,-180],"scale":[-1,-1,-1],"scaleCompensation":false},{"name":"Bip002 R Finger3","position":[0.258018,6.50883e-05,-0.0334002],"rotation":[9.09255,4.27067,50.2556],"scale":[1,1,1],"scaleCompensation":false},{"name":"Bip002 R Finger31","position":[0.0492146,0,1.19209e-07],"rotation":[-8.53774e-07,-8.53774e-07,12.8824],"scale":[1,1,1],"scaleCompensation":false},{"name":"Bip002 R Finger32","position":[0.0542889,5.96046e-08,0],"rotation":[-1.70755e-06,1.28066e-06,12.8824],"scale":[1,1,1],"scaleCompensation":false},{"name":"Bip002 R Finger3Nub","position":[0.0491272,5.96046e-08,0],"rotation":[8.53774e-07,-8.53774e-07,-180],"scale":[-1,-1,-1],"scaleCompensation":false},{"name":"Bip002 R Finger4","position":[0.24704,0.0196705,-0.081906],"rotation":[11.1346,2.40988,31.3052],"scale":[1,1,1],"scaleCompensation":false},{"name":"Bip002 R Finger41","position":[0.0388112,0,0],"rotation":[2.98821e-06,-0,32.126],"scale":[1,1,1],"scaleCompensation":false},{"name":"Bip002 R Finger42","position":[0.0388114,5.96046e-08,-8.9407e-08],"rotation":[-4.26887e-07,-1.70755e-06,18.881],"scale":[1,1,1],"scaleCompensation":false},{"name":"Bip002 R Finger4Nub","position":[0.0388114,5.96046e-08,-5.96046e-08],"rotation":[-4.26887e-07,-8.53774e-07,-180],"scale":[-1,-1,-1],"scaleCompensation":false},{"name":"Dummy003","position":[0.125838,0,-2.38419e-07],"rotation":[-1.06722e-07,6.18986e-06,-1.70755e-06],"scale":[1,1,1],"scaleCompensation":false},{"name":"Bip002 Head","position":[0.187543,-1.49012e-08,0],"rotation":[0.516441,-3.64522,-1.8522],"scale":[1,1,1],"scaleCompensation":false},{"name":"Bip002 HeadNub","position":[1.06483,1.11759e-08,7.45058e-09],"rotation":[-1.86763e-07,-0,0],"scale":[1,1,1],"scaleCompensation":false},{"name":"Bip002 L Thigh","position":[-0.25793,-0.0691806,0.249701],"rotation":[176.639,4.83705,-156.435],"scale":[1,1,1],"scaleCompensation":false},{"name":"Bip002 L Calf","position":[0.621079,-5.96046e-08,1.49012e-08],"rotation":[-2.13443e-07,1.06722e-06,-13.2047],"scale":[1,1,1],"scaleCompensation":false},{"name":"Bip002 L Foot","position":[0.621079,1.19209e-07,0],"rotation":[-12.4309,-3.39859,0.0747496],"scale":[1,1,1],"scaleCompensation":false},{"name":"Bip002 L Toe0","position":[0.22456,0.288999,2.98023e-08],"rotation":[-2.63646,0.628631,124.926],"scale":[1,1,1],"scaleCompensation":false},{"name":"Bip002 L Toe0Nub","position":[0.136859,-9.31323e-10,-2.98023e-08],"rotation":[-0,-2.19697e-07,-180],"scale":[-1,-1,-1],"scaleCompensation":false},{"name":"Bip002 R Thigh","position":[-0.247573,0.0752169,-0.258445],"rotation":[169.183,-2.7158,153.385],"scale":[1,1,1],"scaleCompensation":false},{"name":"Bip002 R Calf","position":[0.621079,5.96046e-08,0],"rotation":[1.01386e-06,-7.47052e-07,-2.21859],"scale":[1,1,1],"scaleCompensation":false},{"name":"Bip002 R Foot","position":[0.621079,-1.19209e-07,2.98023e-08],"rotation":[11.9377,-0.850788,12.0954],"scale":[1,1,1],"scaleCompensation":false},{"name":"Bip002 R Toe0","position":[0.22456,0.288999,-1.49012e-08],"rotation":[-2.13443e-06,4.26887e-07,90],"scale":[1,1,1],"scaleCompensation":false},{"name":"Bip002 R Toe0Nub","position":[0.136859,-2.98023e-08,0],"rotation":[0,2.13443e-07,3.41509e-06],"scale":[1,1,1],"scaleCompensation":false}],"parents":[-1,0,0,0,0,0,0,0,0,0,9,9,11,12,13,14,15,16,17,18,19,20,21,18,23,24,25,18,27,28,29,18,31,32,33,18,35,36,37,18,14,40,41,42,43,44,45,46,43,48,49,50,43,52,53,54,43,56,57,58,43,60,61,62,43,14,65,12,67,68,69,70,12,72,73,74,75],"skins":[{"inverseBindMatrices":[[1.37091e-06,1,-6.12323e-17,0,-1.17549e-38,6.12323e-17,1,0,1,-1.37091e-06,8.39438e-23,0,-0.0183843,2.52031e-08,-1.43942,1],[1.3868e-06,2.75771e-06,1,0,1,-3.82439e-12,-1.3868e-06,0,0,1,-2.75771e-06,0,-1.43942,-0.0183843,2.04688e-06,1],[1.09162e-09,-1.40269e-06,1,0,1,-0.000796318,-2.20861e-09,0,0.000796318,1,1.40269e-06,0,-1.69224,-0.0167623,-2.12888e-08,1],[-0.218107,-0.029803,-0.97547,0,-0.975751,-0.01221,0.218543,0,-0.0184238,0.999481,-0.0264172,0,1.34723,-0.00867324,-0.571791,1],[0.218107,0.0298057,-0.97547,0,-0.975751,-0.0122101,-0.218543,0,-0.0184244,0.999481,0.0264199,0,1.34723,-0.00867323,0.57179,1],[-0.21659,-0.03934,-0.97547,0,-0.974277,-0.0549924,0.218543,0,-0.0622409,0.997712,-0.0264172,0,0.725835,0.0231824,-0.571791,1],[-8.32629e-08,-1.40522e-06,1,0,0.998154,0.0607356,1.68456e-07,0,-0.0607356,0.998154,1.39757e-06,0,-2.03209,-0.141715,-3.67857e-07,1],[0.21659,0.0393427,-0.97547,0,-0.974277,-0.0549924,-0.218543,0,-0.0622415,0.997711,0.0264199,0,0.725835,0.0231824,0.57179,1],[-0.577332,-0.103193,0.809962,0,-0.810495,-0.0477478,-0.583796,0,0.0989178,-0.993515,-0.0560715,0,1.69043,0.00392432,1.80494,1],[0.577332,0.103191,0.809962,0,-0.810495,-0.0477478,0.583796,0,0.0989162,-0.993515,0.0560693,0,1.69043,0.00392431,-1.80494,1],[0.982254,-1.37812e-06,0.187556,0,-0.1872,-0.0615304,0.980393,0,0.011539,-0.998105,-0.0604388,0,0.241195,0.0871569,-2.47129,1],[1.34309e-06,-1.40269e-06,1,0,1,1.88394e-12,-1.34309e-06,0,0,1,1.40269e-06,0,-2.88831,0.0108253,3.93449e-06,1],[-0.982254,-1.35869e-06,0.187556,0,-0.1872,-0.0615304,-0.980393,0,0.0115417,-0.998105,0.0604382,0,0.241195,0.0871569,2.47129,1],[8.55622e-08,-1.40537e-06,1,0,0.99805,-0.0624129,-1.73108e-07,0,0.0624129,0.99805,1.39729e-06,0,-2.69447,0.191072,5.55161e-07,1],[-0.531536,-0.247853,0.809962,0,-0.77112,-0.25408,-0.583795,0,0.35049,-0.934886,-0.0560716,0,1.13829,0.306198,1.80494,1],[0.531537,0.24785,0.809962,0,-0.77112,-0.25408,0.583795,0,0.350489,-0.934887,0.0560694,0,1.13829,0.306198,-1.80494,1],[0.220522,-0.974482,-0.041895,0,-0.945983,-0.203212,-0.25263,0,0.23767,0.0953425,-0.966656,0,1.29309,1.32494,0.607543,1],[-0.291498,-0.956031,-0.0321503,0,-0.931168,0.291291,-0.219259,0,0.218984,-0.0339764,-0.975137,0,1.57647,0.639429,0.577316,1],[-0.282532,-0.935793,-0.210871,0,-0.936936,0.316354,-0.148561,0,0.205733,0.1556,-0.966159,0,1.57271,0.535053,0.560839,1],[-0.0894048,-0.991937,0.0898211,0,-0.962613,0.0629038,-0.263476,0,0.255701,-0.110019,-0.960475,0,1.39179,1.02512,0.553455,1],[-0.423564,-0.894633,-0.142218,0,-0.896521,0.436489,-0.0756829,0,0.129785,0.0954451,-0.986938,0,1.68589,0.346687,0.440321,1],[-0.220522,0.974482,-0.0418925,0,-0.945983,-0.203212,0.25263,0,0.23767,0.0953399,0.966656,0,1.29309,1.32494,-0.607543,1],[0.0894055,0.991937,0.0898237,0,-0.962613,0.0629038,0.263476,0,0.255701,-0.110022,0.960475,0,1.39179,1.02512,-0.553455,1],[0.291499,0.956031,-0.0321476,0,-0.931168,0.291291,0.219259,0,0.218983,-0.0339791,0.975137,0,1.57647,0.639429,-0.577316,1],[0.423564,0.894633,-0.142216,0,-0.896521,0.436489,0.075683,0,0.129784,0.0954426,0.986938,0,1.68589,0.346687,-0.440321,1],[0.282532,0.935794,-0.210869,0,-0.936936,0.316354,0.148561,0,0.205732,0.155597,0.966159,0,1.57271,0.535053,-0.560839,1],[-0.346571,-0.11911,0.930431,0,-0.821824,-0.43963,-0.362397,0,0.45221,-0.890246,0.0544757,0,1.52666,1.06236,-0.353807,1],[-0.36472,-0.0357472,0.930431,0,-0.901205,-0.237693,-0.362397,0,0.234111,-0.970682,0.0544757,0,1.66211,0.696933,-0.353807,1],[-0.366296,0.011239,0.930431,0,-0.924219,-0.120363,-0.362397,0,0.107917,-0.992666,0.0544759,0,1.66749,0.48747,-0.353807,1],[-0.316339,-0.944384,0.089821,0,-0.921982,0.283776,-0.263476,0,0.223333,-0.166161,-0.960475,0,1.52986,0.690083,0.553455,1],[-0.521411,-0.8527,-0.0321503,0,-0.82868,0.514991,-0.219259,0,0.203519,-0.0876819,-0.975137,0,1.63119,0.238932,0.577316,1],[-0.526129,-0.845648,0.089821,0,-0.831382,0.489269,-0.263476,0,0.178861,-0.213298,-0.960475,0,1.58672,0.332202,0.553455,1],[-0.718161,-0.695134,-0.0321503,0,-0.673485,0.705935,-0.219259,0,0.175111,-0.135811,-0.975137,0,1.5755,-0.160331,0.577316,1],[-0.681889,-0.717496,-0.142218,0,-0.715251,0.694757,-0.0756829,0,0.153109,0.0501144,-0.986938,0,1.66306,-0.182058,0.440321,1],[-0.785188,-0.602705,-0.142218,0,-0.598485,0.797551,-0.0756829,0,0.159041,0.0256902,-0.986938,0,1.56087,-0.430067,0.440321,1],[-0.491251,-0.845107,-0.210871,0,-0.838399,0.524421,-0.148561,0,0.236135,0.103813,-0.966159,0,1.61605,0.165883,0.560839,1],[-0.673346,-0.708617,-0.210871,0,-0.694421,0.704066,-0.148561,0,0.25374,0.0464003,-0.966159,0,1.57285,-0.203304,0.560839,1],[0.346573,0.119107,0.930431,0,-0.821824,-0.43963,0.362397,0,0.452209,-0.890247,-0.0544783,0,1.52666,1.06236,0.353807,1],[0.364721,0.0357446,0.930431,0,-0.901205,-0.237693,0.362397,0,0.23411,-0.970683,-0.0544783,0,1.66211,0.696933,0.353807,1],[0.366296,-0.0112416,0.930431,0,-0.924219,-0.120363,0.362397,0,0.107916,-0.992666,-0.0544784,0,1.66749,0.48747,0.353807,1],[0.31634,0.944384,0.0898236,0,-0.921982,0.283776,0.263476,0,0.223332,-0.166164,0.960475,0,1.52986,0.690083,-0.553455,1],[0.521412,0.8527,-0.0321476,0,-0.82868,0.514991,0.219259,0,0.203518,-0.0876843,0.975137,0,1.63119,0.238932,-0.577316,1],[0.52613,0.845647,0.0898235,0,-0.831382,0.489269,0.263476,0,0.17886,-0.2133,0.960475,0,1.58672,0.332202,-0.553455,1],[0.718161,0.695134,-0.0321476,0,-0.673485,0.705935,0.219259,0,0.175109,-0.135813,0.975137,0,1.5755,-0.160331,-0.577316,1],[0.68189,0.717496,-0.142216,0,-0.715251,0.694757,0.075683,0,0.153108,0.0501124,0.986938,0,1.66306,-0.182058,-0.440321,1],[0.785189,0.602705,-0.142216,0,-0.598485,0.797551,0.075683,0,0.159039,0.0256885,0.986938,0,1.56087,-0.430067,-0.440321,1],[0.491252,0.845107,-0.210869,0,-0.838399,0.524421,0.148561,0,0.236134,0.103811,0.966159,0,1.61605,0.165883,-0.560839,1],[0.673347,0.708617,-0.210869,0,-0.694421,0.704066,0.148561,0,0.253738,0.0463984,0.966159,0,1.57285,-0.203304,-0.560839,1],[2.17863e-08,0.300246,-0.953862,0,-1,6.54124e-09,-2.07811e-08,0,-1.65436e-24,0.953862,0.300246,0,0.228297,-0.130128,0.51904,1],[0.300246,-4.5377e-08,-0.953862,0,1.791e-08,1,-4.19344e-08,0,0.953862,-4.49307e-09,0.300246,0,-0.419127,-0.00373663,0.51904,1],[2.17862e-08,-0.300243,-0.953863,0,-1,-6.54116e-09,-2.0781e-08,0,0,0.953863,-0.300243,0,0.228297,-0.130128,-0.519041,1],[-0.300243,4.53769e-08,-0.953863,0,1.791e-08,1,4.19343e-08,0,0.953863,-4.49319e-09,-0.300243,0,-0.419127,-0.00373663,-0.519041,1]],"boneNames":["Bip002","Bip002 Pelvis","Bip002 Spine","Bip002 R Thigh","Bip002 L Thigh","Bip002 R Calf","Bip002 Spine1","Bip002 L Calf","Bip002 R UpperArm","Bip002 L UpperArm","Bip002 L Clavicle","Bip002 Head","Bip002 R Clavicle","Bip002 Neck","Bip002 R Forearm","Bip002 L Forearm","Bip002 L Hand","Bip002 L Finger2","Bip002 L Finger4","Bip002 L Finger1","Bip002 L Finger3","Bip002 R Hand","Bip002 R Finger1","Bip002 R Finger2","Bip002 R Finger3","Bip002 R Finger4","Bip002 L Finger0","Bip002 L Finger01","Bip002 L Finger02","Bip002 L Finger11","Bip002 L Finger21","Bip002 L Finger12","Bip002 L Finger22","Bip002 L Finger31","Bip002 L Finger32","Bip002 L Finger41","Bip002 L Finger42","Bip002 R Finger0","Bip002 R Finger01","Bip002 R Finger02","Bip002 R Finger11","Bip002 R Finger21","Bip002 R Finger12","Bip002 R Finger22","Bip002 R Finger31","Bip002 R Finger32","Bip002 R Finger41","Bip002 R Finger42","Bip002 L Foot","Bip002 L Toe0","Bip002 R Foot","Bip002 R Toe0"]},{"inverseBindMatrices":[[-8.32629e-08,-1.40522e-06,1,0,0.998154,0.0607356,1.68456e-07,0,-0.0607356,0.998154,1.39757e-06,0,-2.03209,-0.141715,-3.67857e-07,1]],"boneNames":["Bip002 Spine1"]}],"morphs":[],"vertices":[{"position":{"type":"float32","components":3,"data":[-2.80993e-24,1.1632,0.0136993,-0.0689575,1.06493,0.244117,-0.0508197,1.07887,-0.00225776,-2.80993e-24,1.16577,0.297261,-0.337165,1.17573,0.410839,-0.238,0.974833,0.364043,-0.179679,1.1207,0.384371,-0.390124,1.01744,0.392135,-0.330374,0.799672,0.211157,-0.407124,0.836558,0.262611,-0.402088,0.804577,0.212334,-0.314244,0.77305,0.173285,-0.611814,0.938098,0.200394,-0.556555,0.890434,0.158671,-0.529043,0.89513,0.257372,-0.48856,0.84809,0.205853,-0.658872,0.958544,0.0903171,-0.645061,0.973807,-0.0561377,-0.594636,0.91103,0.0653195,-0.592634,0.920715,-0.0485514,-0.139344,0.937701,0.224733,-0.292904,0.895403,0.256488,-0.21867,0.876047,0.179271,-0.638264,1.31482,0.131468,-0.623641,1.33067,-0.0525383,-0.668216,1.16952,-0.0579496,-0.680138,1.15307,0.130029,-0.117249,1.87184,-0.207704,-2.80993e-24,1.8068,-0.242343,-0.116749,1.80841,-0.24085,-2.80993e-24,1.87869,-0.219611,-0.241782,1.85663,-0.169625,-0.25232,1.80083,-0.212053,-0.470912,0.907247,-0.238564,-0.356074,0.864483,-0.240971,-0.448089,0.868,-0.207631,-0.354137,0.835804,-0.211869,-0.353902,0.691357,0.150338,-0.426927,0.719514,0.186595,-0.277842,0.700578,-0.100423,-0.604649,0.793466,0.0612815,-0.583068,0.770721,0.139539,-0.508525,0.746245,0.183316,-0.265924,0.685662,0.0311577,-0.381788,0.756098,-0.200087,-0.322052,0.727366,-0.169219,-0.602095,0.810379,-0.0425914,-0.553617,0.805846,-0.129639,-0.461714,0.78088,-0.18692,-0.188843,1.75626,0.392761,-0.185318,1.57114,0.390085,-2.80993e-24,1.75512,0.419413,-2.80993e-24,1.54739,0.409188,-0.544103,1.06962,0.343488,-0.3815,0.928819,0.300922,-0.517772,0.988243,0.276571,-0.602156,1.03156,0.216791,-0.637457,1.11628,0.266564,-0.651269,1.05346,0.103763,-0.440961,1.08133,-0.276899,-0.567999,1.05576,-0.191727,-0.568999,1.15228,-0.209217,-0.44574,1.00074,-0.231879,-0.588121,0.957203,-0.18117,-0.545381,0.906219,-0.147724,-0.24437,0.753924,0.0362943,-0.262362,0.789117,0.165009,-0.20962,0.778994,0.0346597,-0.353902,0.691357,0.150338,-0.426927,0.719514,0.186595,-0.604649,0.793466,0.0612815,-0.508525,0.746245,0.183316,-0.265924,0.685662,0.0311577,-0.287333,0.804981,-0.178173,-0.322052,0.727366,-0.169219,-0.381788,0.756098,-0.200087,-0.553617,0.805846,-0.129639,-0.461714,0.78088,-0.18692,-0.11865,1.66486,-0.293388,-2.80993e-24,1.66373,-0.305337,-0.275766,1.672,-0.263992,-0.175534,1.83088,0.363169,-2.80993e-24,1.82727,0.393391,-0.218598,0.798955,-0.110808,-0.265394,0.832062,-0.197339,-0.249182,0.780791,-0.102756,-0.265924,0.685662,0.0311577,-0.277842,0.700578,-0.100423,-0.24437,0.753924,0.0362943,-0.583068,0.770721,0.139539,-0.111678,0.919492,0.0185589,-0.325346,1.84166,0.0177679,-0.37365,1.83503,0.129658,-0.315064,1.8412,0.122273,-0.363867,1.83416,0.0081056,-0.304583,1.83414,0.27527,-0.296641,1.84091,0.194028,-0.347077,1.83663,0.210223,-0.260076,1.83931,0.246226,-0.175534,1.83088,0.363169,-2.80993e-24,1.82727,0.393391,-0.140148,1.83761,0.320468,-2.80993e-24,1.83565,0.352965,-0.114033,1.87805,-0.158051,-2.80993e-24,1.87869,-0.219611,-0.117249,1.87184,-0.207704,-2.80993e-24,1.88206,-0.151961,-0.222628,1.86403,-0.131856,-0.241782,1.85663,-0.169625,-0.32349,1.83886,-0.0916145,-0.297573,1.8438,-0.0674059,-0.585451,1.28201,0.264958,-0.602095,0.810379,-0.0425914,-0.526812,1.31823,-0.209334,-0.32349,1.83886,-0.0916145,-0.354881,1.78551,-0.121953,-0.394887,1.68624,-0.15332,-0.188247,0.852658,0.0233127,-0.145344,0.943387,-0.129378,-0.111678,0.919492,0.0185589,-0.191909,0.884019,-0.121406,-0.0508197,1.07887,-0.00225776,-0.0833631,1.12513,-0.124597,-2.80993e-24,1.35308,0.41891,-0.0992966,1.22466,0.407817,-0.622185,1.07237,-0.0566964,-0.299438,1.02095,-0.26143,-0.324585,0.952528,-0.238897,-0.188247,0.852658,0.0233127,-0.203031,0.976343,-0.21371,-0.238458,0.916624,-0.197573,-0.20962,0.778994,0.0346597,-0.363867,1.83416,0.0081056,-0.420242,1.7758,0.133878,-0.37365,1.83503,0.129658,-0.403575,1.77841,-0.00085536,-0.347077,1.83663,0.210223,-0.389433,1.77056,0.229013,-0.304583,1.83414,0.27527,-0.334319,1.76643,0.307276,-0.489436,1.23528,0.35921,-0.2095,1.44032,0.408777,-0.262856,1.32081,0.416347,-0.405374,1.40421,0.351589,-0.381361,1.53076,0.319292,-0.446587,1.68364,-0.0179023,-0.551952,1.51404,0.147669,-0.533642,1.53511,-0.0267908,-0.445924,1.53849,-0.155666,-0.265096,1.23772,-0.281278,-0.380168,1.28349,-0.280979,-0.277111,1.51987,-0.267505,-0.358643,1.39728,-0.255019,-0.247921,1.35153,-0.26855,-0.100374,1.52062,-0.285557,-2.80993e-24,1.51813,-0.304354,-2.80993e-24,1.1632,0.0136993,-2.80993e-24,1.24616,-0.125974,-0.177191,1.36157,-0.250195,-0.0749947,1.50475,-0.262129,-2.80993e-24,1.50139,-0.253752,-0.132817,1.33692,-0.215664,-0.168957,1.18949,-0.233755,-0.507485,1.57858,0.0670709,-0.496656,1.47545,0.256724,-0.342466,1.61366,0.318972,-0.35323,1.70458,0.281843,-0.384075,1.7453,0.223467,-0.425135,1.73712,0.130663,-0.461864,1.6684,0.0641417,-0.469346,1.72325,0.233137,-0.494549,1.71209,0.191493,-0.454013,1.70628,0.273263,-0.45178,1.65921,0.304552,-0.482936,1.7095,0.238142,-0.470293,1.69543,0.271231,-0.469346,1.72325,0.233137,-0.454013,1.70628,0.273263,-0.474141,1.61125,0.308327,-0.524489,1.57961,0.279798,-0.45178,1.65921,0.304552,-0.469596,1.66078,0.29466,-0.484969,1.62772,0.299151,-0.474141,1.61125,0.308327,-0.562241,1.59291,0.223102,-0.525812,1.5995,0.276294,-0.524489,1.57961,0.279798,-0.54843,1.63781,0.17426,-0.562241,1.59291,0.223102,-0.554979,1.60926,0.230975,-0.547655,1.64189,0.195177,-0.54843,1.63781,0.17426,-0.500499,1.70349,0.208875,-0.494549,1.71209,0.191493,-0.520009,1.68093,0.167866,-0.523548,1.67855,0.188963,-0.520009,1.68093,0.167866,-0.480544,1.68145,0.198149,-0.482936,1.7095,0.238142,-0.500499,1.70349,0.208875,-0.461518,1.68807,0.228323,-0.495764,1.66491,0.184314,-0.523548,1.67855,0.188963,-0.484969,1.62772,0.299151,-0.499294,1.59047,0.256819,-0.525812,1.5995,0.276294,-0.469201,1.61528,0.276271,-0.525345,1.59979,0.219582,-0.499294,1.59047,0.256819,-0.469201,1.61528,0.276271,-0.453937,1.64214,0.275667,-0.469596,1.66078,0.29466,-0.453937,1.64214,0.275667,-0.517663,1.63175,0.186893,-0.525345,1.59979,0.219582,-0.554979,1.60926,0.230975,-0.547655,1.64189,0.195177,-0.517663,1.63175,0.186893,-0.470293,1.69543,0.271231,-0.482936,1.7095,0.238142,-0.452201,1.67426,0.255429,-0.461518,1.68807,0.228323,-0.495764,1.66491,0.184314,-0.461518,1.68807,0.228323,-0.480544,1.68145,0.198149,-0.452201,1.67426,0.255429,-2.80993e-24,1.1632,0.0136993,0.0689575,1.06493,0.244117,-2.80993e-24,1.16577,0.297261,0.0508197,1.07887,-0.00225776,0.238,0.974833,0.364043,0.337165,1.17573,0.410839,0.179679,1.1207,0.384371,0.390124,1.01744,0.392135,0.314244,0.77305,0.173285,0.402088,0.804577,0.212334,0.330374,0.799672,0.211157,0.407124,0.836558,0.262611,0.611814,0.938098,0.200394,0.529043,0.89513,0.257372,0.556555,0.890434,0.158671,0.48856,0.84809,0.205853,0.645061,0.973807,-0.0561377,0.658872,0.958544,0.0903171,0.594636,0.91103,0.0653196,0.592634,0.920715,-0.0485514,0.292904,0.895403,0.256488,0.139344,0.937701,0.224733,0.21867,0.876047,0.179271,0.638264,1.31482,0.131468,0.668216,1.16952,-0.0579496,0.623641,1.33067,-0.0525383,0.680138,1.15307,0.130029,0.117249,1.87184,-0.207704,-2.80993e-24,1.8068,-0.242343,-2.80993e-24,1.87869,-0.219611,0.116749,1.80841,-0.24085,0.241782,1.85663,-0.169625,0.25232,1.80083,-0.212053,0.448089,0.868,-0.207631,0.354137,0.835804,-0.211869,0.356074,0.864483,-0.240971,0.470912,0.907247,-0.238564,0.353902,0.691357,0.150338,0.277842,0.700578,-0.100423,0.426927,0.719514,0.186595,0.604649,0.793466,0.0612815,0.583068,0.770721,0.139539,0.508525,0.746245,0.183316,0.265924,0.685662,0.0311577,0.381788,0.756098,-0.200087,0.322052,0.727366,-0.169219,0.553617,0.805846,-0.129639,0.602095,0.810379,-0.0425915,0.461714,0.78088,-0.18692,0.188843,1.75626,0.392761,-2.80993e-24,1.75512,0.419413,0.185318,1.57114,0.390085,-2.80993e-24,1.54739,0.409188,0.544103,1.06962,0.343488,0.3815,0.928819,0.300922,0.517772,0.988243,0.276571,0.602156,1.03156,0.216791,0.637457,1.11628,0.266564,0.651269,1.05346,0.103763,0.440961,1.08133,-0.276899,0.567999,1.05576,-0.191727,0.44574,1.00074,-0.231879,0.568999,1.15228,-0.209217,0.588121,0.957203,-0.18117,0.545381,0.906219,-0.147724,0.262362,0.789117,0.165009,0.24437,0.753924,0.0362943,0.20962,0.778994,0.0346597,0.353902,0.691357,0.150338,0.426927,0.719514,0.186595,0.604649,0.793466,0.0612815,0.508525,0.746245,0.183316,0.265924,0.685662,0.0311577,0.287333,0.804981,-0.178173,0.381788,0.756098,-0.200087,0.322052,0.727366,-0.169219,0.553617,0.805846,-0.129639,0.461714,0.78088,-0.18692,0.11865,1.66486,-0.293388,-2.80993e-24,1.66373,-0.305337,0.275766,1.672,-0.263992,0.175534,1.83088,0.363169,-2.80993e-24,1.82727,0.393391,0.218598,0.798955,-0.110808,0.265394,0.832062,-0.197339,0.249182,0.780791,-0.102756,0.24437,0.753924,0.0362943,0.277842,0.700578,-0.100423,0.265924,0.685662,0.0311577,0.583068,0.770721,0.139539,0.111678,0.919492,0.0185589,0.325346,1.84166,0.0177679,0.37365,1.83503,0.129658,0.363867,1.83416,0.0081056,0.315064,1.8412,0.122273,0.304583,1.83414,0.27527,0.347077,1.83663,0.210223,0.296641,1.84091,0.194028,0.260076,1.83931,0.246226,0.140148,1.83761,0.320468,0.175534,1.83088,0.363169,0.114033,1.87805,-0.158051,0.117249,1.87184,-0.207704,0.222628,1.86403,-0.131856,0.241782,1.85663,-0.169625,0.297573,1.8438,-0.0674059,0.32349,1.83886,-0.0916145,0.585451,1.28201,0.264958,0.602095,0.810379,-0.0425915,0.526812,1.31823,-0.209334,0.32349,1.83886,-0.0916145,0.354881,1.78551,-0.121953,0.394887,1.68624,-0.15332,0.111678,0.919492,0.0185589,0.145344,0.943387,-0.129378,0.188247,0.852658,0.0233127,0.191909,0.884019,-0.121406,0.0508197,1.07887,-0.00225776,0.0833631,1.12513,-0.124597,0.105603,1.2165,0.406605,-2.80993e-24,1.35308,0.41891,0.622185,1.07237,-0.0566964,0.299438,1.02095,-0.26143,0.324585,0.952528,-0.238897,0.188247,0.852658,0.0233127,0.203031,0.976343,-0.21371,0.238458,0.916624,-0.197573,0.20962,0.778994,0.0346597,0.363867,1.83416,0.0081056,0.37365,1.83503,0.129658,0.420242,1.7758,0.133878,0.403575,1.77841,-0.00085536,0.347077,1.83663,0.210223,0.389433,1.77056,0.229013,0.304583,1.83414,0.27527,0.334319,1.76643,0.307276,0.489436,1.23528,0.35921,0.2095,1.44032,0.408777,0.267061,1.3126,0.416301,0.405374,1.40421,0.351589,0.381361,1.53076,0.319292,0.446587,1.68364,-0.0179023,0.533642,1.53511,-0.0267908,0.551952,1.51404,0.147669,0.445924,1.53849,-0.155666,0.265096,1.23772,-0.281278,0.380168,1.28349,-0.280979,0.277111,1.51987,-0.267505,0.358643,1.39728,-0.255019,0.247921,1.35153,-0.26855,0.100374,1.52062,-0.285557,-2.80993e-24,1.51813,-0.304354,-2.80993e-24,1.1632,0.0136993,-2.80993e-24,1.24616,-0.125974,0.177191,1.36157,-0.250195,0.0749947,1.50475,-0.262129,-2.80993e-24,1.50139,-0.253752,0.132817,1.33692,-0.215664,0.168957,1.18949,-0.233755,0.507485,1.57858,0.0670709,0.496656,1.47545,0.256724,0.342466,1.61366,0.318972,0.35323,1.70458,0.281843,0.384075,1.7453,0.223467,0.425135,1.73712,0.130663,0.461864,1.6684,0.0641417,0.469346,1.72325,0.233137,0.494549,1.71209,0.191493,0.454013,1.70628,0.273263,0.45178,1.65921,0.304552,0.469346,1.72325,0.233137,0.470293,1.69543,0.271231,0.482936,1.7095,0.238142,0.454013,1.70628,0.273263,0.474141,1.61125,0.308327,0.524489,1.57961,0.279798,0.45178,1.65921,0.304552,0.469596,1.66078,0.29466,0.484969,1.62772,0.299151,0.474141,1.61125,0.308327,0.562241,1.59291,0.223102,0.525812,1.5995,0.276294,0.524489,1.57961,0.279798,0.54843,1.63781,0.17426,0.562241,1.59291,0.223102,0.554979,1.60926,0.230975,0.54843,1.63781,0.17426,0.547655,1.64189,0.195177,0.500499,1.70349,0.208875,0.494549,1.71209,0.191493,0.520009,1.68093,0.167866,0.523548,1.67855,0.188963,0.520009,1.68093,0.167866,0.480544,1.68145,0.198149,0.482936,1.7095,0.238142,0.461518,1.68807,0.228323,0.500499,1.70349,0.208875,0.495764,1.66491,0.184314,0.523548,1.67855,0.188963,0.484969,1.62772,0.299151,0.499294,1.59047,0.256819,0.469201,1.61528,0.276271,0.525812,1.5995,0.276294,0.525345,1.59979,0.219582,0.469201,1.61528,0.276271,0.499294,1.59047,0.256819,0.453937,1.64214,0.275667,0.469596,1.66078,0.29466,0.453937,1.64214,0.275667,0.517663,1.63175,0.186893,0.554979,1.60926,0.230975,0.525345,1.59979,0.219582,0.517663,1.63175,0.186893,0.547655,1.64189,0.195177,0.470293,1.69543,0.271231,0.452201,1.67426,0.255429,0.482936,1.7095,0.238142,0.461518,1.68807,0.228323,0.495764,1.66491,0.184314,0.461518,1.68807,0.228323,0.452201,1.67426,0.255429,0.480544,1.68145,0.198149,-0.115678,2.25901,-0.575704,-0.180615,2.01604,-0.632279,-0.304552,2.06424,-0.613925,-0.217498,2.2904,-0.560998,-0.382294,2.08804,-0.507104,-0.280997,2.30494,-0.475408,-0.268977,2.29411,-0.369072,-0.368301,2.07348,-0.37439,-0.18848,2.26426,-0.304279,-0.270771,2.0291,-0.293526,-0.0866592,2.23287,-0.318985,-0.270771,2.0291,-0.293526,-0.146835,1.9809,-0.31188,-0.18848,2.26426,-0.304279,-0.0231604,2.21833,-0.404575,-0.0690925,1.95711,-0.418701,-0.0830848,1.97166,-0.551414,-0.0351802,2.22915,-0.510912,-0.297316,2.03189,-0.586913,-0.180615,2.01604,-0.632279,-0.19509,1.99213,-0.602051,-0.304552,2.06424,-0.613925,-0.382294,2.08804,-0.507104,-0.36144,2.05151,-0.498804,-0.368301,2.07348,-0.37439,-0.349899,2.03951,-0.389338,-0.270771,2.0291,-0.293526,-0.269453,2.0029,-0.322639,-0.167227,1.96314,-0.337778,-0.146835,1.9809,-0.31188,-0.103103,1.94352,-0.425886,-0.0690925,1.95711,-0.418701,-0.114645,1.95553,-0.535352,-0.0830848,1.97166,-0.551414,-0.19509,1.99213,-0.602051,-0.249822,1.85114,-0.597928,-0.340531,1.88642,-0.584494,-0.297316,2.03189,-0.586913,-0.36144,2.05151,-0.498804,-0.39743,1.90383,-0.506313,-0.349899,2.03951,-0.389338,-0.387189,1.89318,-0.40918,-0.269453,2.0029,-0.322639,-0.315807,1.8607,-0.349995,-0.167227,1.96314,-0.337778,-0.315807,1.8607,-0.349995,-0.225098,1.82542,-0.363428,-0.269453,2.0029,-0.322639,-0.103103,1.94352,-0.425886,-0.168199,1.80801,-0.44161,-0.114645,1.95553,-0.535352,-0.17844,1.81866,-0.538743,-0.340531,1.88642,-0.584494,-0.25661,1.85213,-0.572422,-0.328656,1.88015,-0.561752,-0.249822,1.85114,-0.597928,-0.39743,1.90383,-0.506313,-0.373848,1.89398,-0.499656,-0.387189,1.89318,-0.40918,-0.365714,1.88551,-0.422509,-0.309019,1.85972,-0.375501,-0.315807,1.8607,-0.349995,-0.225098,1.82542,-0.363428,-0.236973,1.8317,-0.386171,-0.168199,1.80801,-0.44161,-0.191781,1.81787,-0.448267,-0.199915,1.82633,-0.525414,-0.17844,1.81866,-0.538743,-0.306979,1.91529,-0.54704,-0.25661,1.85213,-0.572422,-0.244871,1.89113,-0.556237,-0.328656,1.88015,-0.561752,-0.345937,1.92721,-0.493509,-0.373848,1.89398,-0.499656,-0.338925,1.91992,-0.427004,-0.365714,1.88551,-0.422509,-0.309019,1.85972,-0.375501,-0.290051,1.89768,-0.386481,-0.309019,1.85972,-0.375501,-0.227943,1.87352,-0.395678,-0.236973,1.8317,-0.386171,-0.290051,1.89768,-0.386481,-0.188985,1.8616,-0.449208,-0.191781,1.81787,-0.448267,-0.199915,1.82633,-0.525414,-0.195997,1.8689,-0.515714,-0.244871,1.89113,-0.556237,-0.290051,1.89768,-0.386481,-0.306979,1.91529,-0.54704,-0.345937,1.92721,-0.493509,-0.338925,1.91992,-0.427004,-0.227943,1.87352,-0.395678,-0.188985,1.8616,-0.449208,-0.195997,1.8689,-0.515714,0.217498,2.2904,-0.560998,0.304552,2.06424,-0.613925,0.115678,2.25901,-0.575704,0.180615,2.01604,-0.632279,0.280997,2.30494,-0.475408,0.382294,2.08804,-0.507104,0.268977,2.29411,-0.369072,0.368301,2.07348,-0.37439,0.18848,2.26426,-0.304279,0.270771,2.0291,-0.293526,0.0866592,2.23287,-0.318985,0.270771,2.0291,-0.293526,0.18848,2.26426,-0.304279,0.146835,1.9809,-0.31188,0.0231604,2.21833,-0.404575,0.0690925,1.95711,-0.418701,0.0351802,2.22915,-0.510912,0.0830848,1.97166,-0.551414,0.297316,2.03189,-0.586913,0.19509,1.99213,-0.602051,0.180615,2.01604,-0.632279,0.304552,2.06424,-0.613925,0.382294,2.08804,-0.507104,0.36144,2.05151,-0.498804,0.368301,2.07348,-0.37439,0.349899,2.03951,-0.389338,0.269453,2.0029,-0.322639,0.270771,2.0291,-0.293526,0.167227,1.96314,-0.337778,0.146835,1.9809,-0.31188,0.0690925,1.95711,-0.418701,0.103103,1.94352,-0.425886,0.114645,1.95553,-0.535352,0.0830848,1.97166,-0.551414,0.297316,2.03189,-0.586913,0.340531,1.88642,-0.584494,0.19509,1.99213,-0.602051,0.249822,1.85114,-0.597928,0.36144,2.05151,-0.498804,0.39743,1.90383,-0.506313,0.349899,2.03951,-0.389338,0.387189,1.89318,-0.40918,0.269453,2.0029,-0.322639,0.315807,1.8607,-0.349995,0.167227,1.96314,-0.337778,0.315807,1.8607,-0.349995,0.269453,2.0029,-0.322639,0.225098,1.82542,-0.363428,0.103103,1.94352,-0.425886,0.168199,1.80801,-0.44161,0.114645,1.95553,-0.535352,0.17844,1.81866,-0.538743,0.340531,1.88642,-0.584494,0.25661,1.85213,-0.572422,0.249822,1.85114,-0.597928,0.328656,1.88015,-0.561752,0.39743,1.90383,-0.506313,0.373848,1.89398,-0.499656,0.365714,1.88551,-0.422509,0.387189,1.89318,-0.40918,0.309019,1.85972,-0.375501,0.315807,1.8607,-0.349995,0.225098,1.82542,-0.363428,0.236973,1.8317,-0.386171,0.168199,1.80801,-0.44161,0.191781,1.81787,-0.448267,0.199915,1.82633,-0.525414,0.17844,1.81866,-0.538743,0.306979,1.91529,-0.54704,0.244871,1.89113,-0.556237,0.25661,1.85213,-0.572422,0.328656,1.88015,-0.561752,0.373848,1.89398,-0.499656,0.345937,1.92721,-0.493509,0.338925,1.91992,-0.427004,0.365714,1.88551,-0.422509,0.309019,1.85972,-0.375501,0.290051,1.89768,-0.386481,0.309019,1.85972,-0.375501,0.227943,1.87352,-0.395678,0.290051,1.89768,-0.386481,0.236973,1.8317,-0.386171,0.188985,1.8616,-0.449208,0.191781,1.81787,-0.448267,0.199915,1.82633,-0.525414,0.195997,1.8689,-0.515714,0.244871,1.89113,-0.556237,0.306979,1.91529,-0.54704,0.290051,1.89768,-0.386481,0.345937,1.92721,-0.493509,0.338925,1.91992,-0.427004,0.227943,1.87352,-0.395678,0.188985,1.8616,-0.449208,0.195997,1.8689,-0.515714,0.216628,2.75864,-0.687831,0.0564029,2.7495,-0.582593,0.0809335,2.82725,-0.623497,0.199786,2.68898,-0.644365,0.218375,2.66112,-0.567533,0.0665973,2.7184,-0.505206,0.105545,2.75216,-0.436668,0.218375,2.66112,-0.567533,0.261506,2.69137,-0.502342,0.0665973,2.7184,-0.505206,0.15043,2.83101,-0.417127,0.303913,2.76201,-0.48698,0.320756,2.83167,-0.530446,0.174961,2.90876,-0.458031,0.164767,2.93986,-0.535418,0.302167,2.85954,-0.607278,0.259036,2.82929,-0.672469,0.125819,2.9061,-0.603956,0.230853,2.69641,-0.640732,0.216628,2.75864,-0.687831,0.243836,2.75011,-0.67424,0.199786,2.68898,-0.644365,0.276528,2.80457,-0.662398,0.259036,2.82929,-0.672469,0.309778,2.82789,-0.612142,0.302167,2.85954,-0.607278,0.320756,2.83167,-0.530446,0.324108,2.80641,-0.552912,0.303913,2.76201,-0.48698,0.311124,2.75271,-0.519404,0.261506,2.69137,-0.502342,0.278432,2.69825,-0.531246,0.218375,2.66112,-0.567533,0.245183,2.67493,-0.581502,0.381784,2.68074,-0.729748,0.276528,2.80457,-0.662398,0.413313,2.73326,-0.718327,0.243836,2.75011,-0.67424,0.309778,2.82789,-0.612142,0.44538,2.75575,-0.669859,0.324108,2.80641,-0.552912,0.4592,2.73504,-0.612737,0.311124,2.75271,-0.519404,0.446678,2.68325,-0.580421,0.415149,2.63072,-0.591842,0.278432,2.69825,-0.531246,0.383082,2.60823,-0.64031,0.245183,2.67493,-0.581502,0.383082,2.60823,-0.64031,0.230853,2.69641,-0.640732,0.369262,2.62895,-0.697433,0.245183,2.67493,-0.581502,0.406883,2.67257,-0.7176,0.430273,2.71154,-0.709127,0.407846,2.61878,-0.651248,0.454062,2.72822,-0.67317,0.464314,2.71285,-0.630793,0.455025,2.67443,-0.606819,0.431635,2.63547,-0.615292,0.397593,2.63415,-0.693626,0.397593,2.63415,-0.693626,0.381784,2.68074,-0.729748,0.406883,2.67257,-0.7176,0.369262,2.62895,-0.697433,0.430273,2.71154,-0.709127,0.413313,2.73326,-0.718327,0.454062,2.72822,-0.67317,0.44538,2.75575,-0.669859,0.464314,2.71285,-0.630793,0.4592,2.73504,-0.612737,0.446678,2.68325,-0.580421,0.455025,2.67443,-0.606819,0.415149,2.63072,-0.591842,0.431635,2.63547,-0.615292,0.383082,2.60823,-0.64031,0.407846,2.61878,-0.651248,-0.230245,2.7596,-0.660701,-0.0571885,2.75047,-0.578247,-0.207644,2.68995,-0.619931,-0.0870573,2.82821,-0.615432,-0.215604,2.66208,-0.541284,-0.0567563,2.71937,-0.500192,-0.215604,2.66208,-0.541284,-0.0860141,2.75313,-0.426992,-0.249462,2.69233,-0.47083,-0.0567563,2.71937,-0.500192,-0.127823,2.83198,-0.401524,-0.289384,2.76298,-0.44984,-0.311985,2.83263,-0.490609,-0.157692,2.90972,-0.438709,-0.158124,2.94082,-0.516764,-0.304025,2.8605,-0.569256,-0.270168,2.83025,-0.639711,-0.128866,2.90706,-0.589965,-0.230245,2.7596,-0.660701,-0.237927,2.69738,-0.612104,-0.25535,2.75108,-0.643533,-0.207644,2.68995,-0.619931,-0.286127,2.80554,-0.627352,-0.270168,2.83025,-0.639711,-0.312228,2.82886,-0.573039,-0.304025,2.8605,-0.569256,-0.311985,2.83263,-0.490609,-0.318364,2.80738,-0.51241,-0.289384,2.76298,-0.44984,-0.300941,2.75368,-0.48098,-0.249462,2.69233,-0.47083,-0.270164,2.69922,-0.497162,-0.215604,2.66208,-0.541284,-0.244063,2.6759,-0.551475,-0.42925,2.73423,-0.664147,-0.286127,2.80554,-0.627352,-0.399569,2.6817,-0.679752,-0.25535,2.75108,-0.643533,-0.312228,2.82886,-0.573039,-0.454422,2.75672,-0.611766,-0.46034,2.736,-0.553294,-0.318364,2.80738,-0.51241,-0.300941,2.75368,-0.48098,-0.443537,2.68421,-0.522982,-0.413856,2.63169,-0.538588,-0.270164,2.69922,-0.497162,-0.388683,2.6092,-0.590969,-0.244063,2.6759,-0.551475,-0.388683,2.6092,-0.590969,-0.237927,2.69738,-0.612104,-0.244063,2.6759,-0.551475,-0.382765,2.62992,-0.649441,-0.42278,2.67354,-0.664301,-0.414705,2.61975,-0.598436,-0.4448,2.7125,-0.652724,-0.463474,2.72919,-0.613864,-0